function animation(character)
	local canceldb = false
	local root = character:FindFirstChild("HumanoidRootPart", true)
	local part1 = character["HumanoidRootPart"]["RootJoint"]	
	local part2 = character["Torso"]["Right Shoulder"]
	local part3 = character["Torso"]["Left Shoulder"]
	local part4 = character["Torso"]["Right Hip"]
	local part5 = character["Torso"]["Left Hip"]
	local part6 = character["Torso"]["Neck"]
	local val = 2 --Action
	local tweens = {}
	local function tablesorting(part, tween)
		for i, v in pairs(tweens) do
			if v.Instance == part then
				table.remove(tweens, table.find(tweens, v))
			end
		end
		table.insert(tweens, tween)
	end
	local ts = game:GetService("TweenService")
	local tween1, tween2, tween3, tween4, tween5, tween6

	local priority = root:FindFirstChild("priority")
	if not priority then
		priority = Instance.new("NumberValue", root)
		priority.Name = "priority"
	end

	local anims = root:FindFirstChild("anims")
	if not anims then
		anims = Instance.new("Folder", root)
		anims.Name = "anims"
	end
	local animvalue = anims:FindFirstChild("Imported Animation Clip")
	if not animvalue then
		animvalue = Instance.new("BoolValue", anims)
		animvalue.Value = true
		animvalue.Name = "Imported Animation Clip"
	end
	animvalue.Value = true

	local function afterframe()
		if canceldb or not character or not part1 then
			return true
		else
			return false
		end
	end

	if afterframe() then
		animvalue.Value = false
		return false
	end
	priority.Value = val
	local connect
	local connect2
	connect = priority.Changed:Connect(function()
		if priority.Value > val then
			for i, v in pairs(tweens) do
				if v and v.PlaybackState == Enum.PlaybackState.Playing then
					v:Cancel()
				end
			end
			canceldb = true
			connect2:Disconnect()
			connect:Disconnect()
		else
			priority.Value = val
		end
	end)
	connect2 = animvalue.Changed:Connect(function()
		if not animvalue.Value then
			for i, v in pairs(tweens) do
				if v and v.PlaybackState == Enum.PlaybackState.Playing then
					v:Cancel()
				end
			end
			canceldb = true
			connect:Disconnect()
			if priority.Value <= val then
				priority.Value = 0
			end
			connect2:Disconnect()
		--smooth transition
		tween1 = ts:Create(part1, TweenInfo.new(0.5), {C0 = CFrame.new(0, 0, 0, -1, -0, -0, 0, 0, 1, 0, 1, 0)}) tween1:Play() tablesorting(part1, tween1)
		tween2 = ts:Create(part2, TweenInfo.new(0.5), {C0 = CFrame.new(1, 0.5, 0, 0, 0, 1, 0, 1, 0, -1, -0, -0)}) tween2:Play() tablesorting(part2, tween2)
		tween3 = ts:Create(part3, TweenInfo.new(0.5), {C0 = CFrame.new(-1, 0.5, 0, -0, -0, -1, 0, 1, 0, 1, 0, 0)}) tween3:Play() tablesorting(part3, tween3)
		tween4 = ts:Create(part4, TweenInfo.new(0.5), {C0 = CFrame.new(1, -1, 0, 0, 0, 1, 0, 1, 0, -1, -0, -0)}) tween4:Play() tablesorting(part4, tween4)
		tween5 = ts:Create(part5, TweenInfo.new(0.5), {C0 = CFrame.new(-1, -1, 0, -0, -0, -1, 0, 1, 0, 1, 0, 0)}) tween5:Play() tablesorting(part5, tween5)
		tween6 = ts:Create(part6, TweenInfo.new(0.5), {C0 = CFrame.new(0, 1, 0, -1, -0, -0, 0, 0, 1, 0, 1, 0)}) tween6:Play() tablesorting(part6, tween6)
		end
	end)
	if true then
		--1, 0
		tween1 = ts:Create(part1, TweenInfo.new(0.11666666716337204, Enum.EasingStyle.Linear, Enum.EasingDirection.In, 0, false, 0), {C0 = CFrame.new(3.7252903e-09, -0.527869821, 0.0858716816, -0.97757864, 0.210570589, 0, 0.0947782621, 0.44001019, 0.892977118, 0.188034713, 0.872955382, -0.450102091)}) tween1:Play() tablesorting(part1, tween1)
		tween6 = ts:Create(part6, TweenInfo.new(0.21666666865348816, Enum.EasingStyle.Linear, Enum.EasingDirection.In, 0, false, 0), {C0 = CFrame.new(-2.66948619e-09, 1, 0, -0.983822465, -0.179146186, 0, -0.102539361, 0.563118517, 0.8199898, -0.146898046, 0.80672437, -0.572378159)}) tween6:Play() tablesorting(part6, tween6)
		tween5 = ts:Create(part5, TweenInfo.new(0.11666666716337204, Enum.EasingStyle.Linear, Enum.EasingDirection.In, 0, false, 0), {C0 = CFrame.new(-1.01852643, -0.667432904, -0.367206633, 1.49011612e-08, -0.0852684304, -0.996357799, -0.695488453, 0.715920925, -0.0612685867, 0.718537807, 0.692955375, -0.0593031645)}) tween5:Play() tablesorting(part5, tween5)
		tween2 = ts:Create(part2, TweenInfo.new(0.21666666865348816, Enum.EasingStyle.Linear, Enum.EasingDirection.In, 0, false, 0), {C0 = CFrame.new(0.919147551, 0.277311444, 0.454758644, 0.195048556, -0.894382775, 0.402536452, 0.479792923, 0.444967747, 0.756176293, -0.855426669, 0.0456430987, 0.515908837)}) tween2:Play() tablesorting(part2, tween2)
		tween4 = ts:Create(part4, TweenInfo.new(0.11666666716337204, Enum.EasingStyle.Linear, Enum.EasingDirection.In, 0, false, 0), {C0 = CFrame.new(1.03104877, -0.925691009, -0.144115508, 0.409277558, -0.0267636254, 0.912017286, 0.0652529895, 0.997868776, 7.4505806e-09, -0.910073638, 0.0595118403, 0.41015169)}) tween4:Play() tablesorting(part4, tween4)
		tween3 = ts:Create(part3, TweenInfo.new(0.21666666865348816, Enum.EasingStyle.Linear, Enum.EasingDirection.In, 0, false, 0), {C0 = CFrame.new(-0.781367481, 0.285810173, 0.490134358, -0.575066924, 0.635023952, -0.515793145, -0.674616456, -0.0114216805, 0.738080144, 0.462807298, 0.772408009, 0.434965909)}) tween3:Play() tablesorting(part3, tween3)
		task.wait(0.10166666716337204)

		if afterframe() then
			return
		end

		--2, 0.11666666716337204
		tween1 = ts:Create(part1, TweenInfo.new(0.10000000149011612, Enum.EasingStyle.Linear, Enum.EasingDirection.In, 0, false, 0), {C0 = CFrame.new(3.7252903e-09, -0.729117155, 0.202426851, -0.984562218, 0.175034896, 0, 0.0760163739, 0.427588165, 0.900771856, 0.157666504, 0.886865914, -0.434292674)}) tween1:Play() tablesorting(part1, tween1)
		tween5 = ts:Create(part5, TweenInfo.new(0.10000000149011612, Enum.EasingStyle.Linear, Enum.EasingDirection.In, 0, false, 0), {C0 = CFrame.new(-1.0059967, -0.424697459, -0.310296237, -0.0305743348, -0.0429293849, -0.998610139, -0.632651091, 0.77431196, -0.0139171984, 0.773833334, 0.631346345, -0.0508333929)}) tween5:Play() tablesorting(part5, tween5)
		tween4 = ts:Create(part4, TweenInfo.new(0.19999999552965164, Enum.EasingStyle.Linear, Enum.EasingDirection.In, 0, false, 0), {C0 = CFrame.new(1.10187876, -0.613546491, -0.3426238, 0.390867531, 0.120201565, 0.912564874, -0.263595521, 0.964529634, -0.0141435154, -0.881895542, -0.235019967, 0.408687919)}) tween4:Play() tablesorting(part4, tween4)
		task.wait(0.08500000149011612)

		if afterframe() then
			return
		end

		--3, 0.21666666865348816
		tween1 = ts:Create(part1, TweenInfo.new(0.11666667461395264, Enum.EasingStyle.Linear, Enum.EasingDirection.In, 0, false, 0), {C0 = CFrame.new(3.7252903e-09, -0.670823753, 0.388517201, -0.984155118, 0.177309602, 0, 0.038101349, 0.211481139, 0.976639092, 0.173167482, 0.961164355, -0.21488598)}) tween1:Play() tablesorting(part1, tween1)
		tween6 = ts:Create(part6, TweenInfo.new(0.23333331942558289, Enum.EasingStyle.Linear, Enum.EasingDirection.In, 0, false, 0), {C0 = CFrame.new(-3.7252903e-09, 1, 7.4505806e-09, -0.995936394, -0.00885234401, -0.0896236002, -0.0889846236, 0.25003475, 0.964139283, 0.013874121, 0.968196452, -0.249806419)}) tween6:Play() tablesorting(part6, tween6)
		tween5 = ts:Create(part5, TweenInfo.new(0.09999999403953552, Enum.EasingStyle.Linear, Enum.EasingDirection.In, 0, false, 0), {C0 = CFrame.new(-0.987941623, -0.649777532, -0.23384279, -0.057221517, 0.00138827926, -0.998360574, -0.573334098, 0.818615913, 0.0339992605, 0.817321062, 0.574339569, -0.0460464992)}) tween5:Play() tablesorting(part5, tween5)
		tween2 = ts:Create(part2, TweenInfo.new(0.09999999403953552, Enum.EasingStyle.Linear, Enum.EasingDirection.In, 0, false, 0), {C0 = CFrame.new(0.913297236, 0.618611753, 0.444984078, 0.0526412129, -0.908372819, -0.41483444, 0.727617264, -0.249628991, 0.638951004, -0.683960497, -0.335475922, 0.647807002)}) tween2:Play() tablesorting(part2, tween2)
		tween3 = ts:Create(part3, TweenInfo.new(0.23333331942558289, Enum.EasingStyle.Linear, Enum.EasingDirection.In, 0, false, 0), {C0 = CFrame.new(-0.837711334, 0.902840078, 0.309433162, -0.774284303, 0.626704752, 0.0878924355, -0.517897129, -0.707328022, 0.481113255, 0.363684595, 0.326999277, 0.872241437)}) tween3:Play() tablesorting(part3, tween3)
		task.wait(0.08499999403953552)

		if afterframe() then
			return
		end

		--4, 0.3166666626930237
		tween5 = ts:Create(part5, TweenInfo.new(0.13333332538604736, Enum.EasingStyle.Linear, Enum.EasingDirection.In, 0, false, 0), {C0 = CFrame.new(-0.967742741, -0.750452459, -0.223825619, -0.0624553896, 0.123518884, -0.990374923, -0.203404784, 0.969910145, 0.133793727, 0.97710073, 0.209803149, -0.035451781)}) tween5:Play() tablesorting(part5, tween5)
		tween2 = ts:Create(part2, TweenInfo.new(0.13333332538604736, Enum.EasingStyle.Linear, Enum.EasingDirection.In, 0, false, 0), {C0 = CFrame.new(1.10361874, 0.919281602, 0.313332915, -0.498364657, -0.608142495, -0.617896438, 0.756599188, -0.653069973, 0.0325251222, -0.423308969, -0.451290339, 0.785586834)}) tween2:Play() tablesorting(part2, tween2)
		tween4 = ts:Create(part4, TweenInfo.new(0.13333332538604736, Enum.EasingStyle.Linear, Enum.EasingDirection.In, 0, false, 0), {C0 = CFrame.new(1.07815874, -0.723315716, -0.146806687, 0.444644719, -0.0311935432, 0.895163655, -0.0698520243, 0.995142102, 0.0693742782, -0.892979145, -0.0933759212, 0.440305769)}) tween4:Play() tablesorting(part4, tween4)
		task.wait()

		if afterframe() then
			return
		end

		--5, 0.3333333432674408
		tween1 = ts:Create(part1, TweenInfo.new(0.11666664481163025, Enum.EasingStyle.Linear, Enum.EasingDirection.In, 0, false, 0), {C0 = CFrame.new(9.31322575e-10, -0.269897401, 0.414596826, -0.99952054, -0.0309619419, -0, 1.64771736e-05, -0.000531919883, 0.999999881, -0.0309619382, 0.999520421, 0.000532175065)}) tween1:Play() tablesorting(part1, tween1)
		task.wait(0.10166664481163025)

		if afterframe() then
			return
		end

		--6, 0.44999998807907104
		tween1 = ts:Create(part1, TweenInfo.new(0.10000002384185791, Enum.EasingStyle.Linear, Enum.EasingDirection.In, 0, false, 0), {C0 = CFrame.new(-3.7252903e-09, -0.0880801231, 0.333248258, -0.990032852, -0.140239358, 0.0129552437, 0.0171375126, -0.0286558699, 0.999442458, -0.139789924, 0.989702821, 0.030773608)}) tween1:Play() tablesorting(part1, tween1)
		tween6 = ts:Create(part6, TweenInfo.new(0.2666666507720947, Enum.EasingStyle.Linear, Enum.EasingDirection.In, 0, false, 0), {C0 = CFrame.new(-2.23517418e-08, 1, 0, -0.990255535, 0.0901573822, -0.106140077, -0.098688364, 0.0834456086, 0.991613567, 0.0982582048, 0.992425561, -0.0737349689)}) tween6:Play() tablesorting(part6, tween6)
		tween5 = ts:Create(part5, TweenInfo.new(0.10000002384185791, Enum.EasingStyle.Linear, Enum.EasingDirection.In, 0, false, 0), {C0 = CFrame.new(-0.96959281, -0.918555677, -0.172820151, -0.0514420271, 0.104552656, -0.993188024, -0.039084807, 0.993532062, 0.106613263, 0.997910857, 0.0443029553, -0.0470228866)}) tween5:Play() tablesorting(part5, tween5)
		tween2 = ts:Create(part2, TweenInfo.new(0.2666666507720947, Enum.EasingStyle.Linear, Enum.EasingDirection.In, 0, false, 0), {C0 = CFrame.new(1.2539767, 1.29408324, 0.03477633, -0.953600109, -0.199796379, -0.225229487, 0.27633214, -0.877803028, -0.391283274, -0.119530022, -0.435365856, 0.892283142)}) tween2:Play() tablesorting(part2, tween2)
		tween4 = ts:Create(part4, TweenInfo.new(0.10000002384185791, Enum.EasingStyle.Linear, Enum.EasingDirection.In, 0, false, 0), {C0 = CFrame.new(1.0490334, -0.952171504, 0.0323506966, 0.477444708, 0.0088747777, 0.878617108, -0.0997805744, 0.99402827, 0.0441807434, -0.872977912, -0.108762749, 0.475479007)}) tween4:Play() tablesorting(part4, tween4)
		tween3 = ts:Create(part3, TweenInfo.new(0.2666666507720947, Enum.EasingStyle.Linear, Enum.EasingDirection.In, 0, false, 0), {C0 = CFrame.new(-0.952985764, 1.27711785, -0.124827832, -0.961325407, 0.21246998, 0.1752422, -0.197727948, -0.975357413, 0.0978833884, 0.19172132, 0.0594475046, 0.979647279)}) tween3:Play() tablesorting(part3, tween3)
		task.wait(0.08500002384185791)

		if afterframe() then
			return
		end

		--7, 0.550000011920929
		tween1 = ts:Create(part1, TweenInfo.new(0.1499999761581421, Enum.EasingStyle.Linear, Enum.EasingDirection.In, 0, false, 0), {C0 = CFrame.new(-7.4505806e-09, -0.0747581124, 0.209881037, -0.980086207, -0.191406801, 0.0528621674, 0.0428373665, 0.0561415739, 0.99750334, -0.193896696, 0.979903877, -0.0468242131)}) tween1:Play() tablesorting(part1, tween1)
		tween5 = ts:Create(part5, TweenInfo.new(0.1499999761581421, Enum.EasingStyle.Linear, Enum.EasingDirection.In, 0, false, 0), {C0 = CFrame.new(-0.948668122, -0.945494235, -0.0862693191, -0.0716046765, 0.0555482358, -0.995884597, -0.139689937, 0.988049388, 0.0651550144, 0.987603307, 0.1437805, -0.0629895851)}) tween5:Play() tablesorting(part5, tween5)
		tween4 = ts:Create(part4, TweenInfo.new(0.1499999761581421, Enum.EasingStyle.Linear, Enum.EasingDirection.In, 0, false, 0), {C0 = CFrame.new(1.08471549, -0.938660026, 0.127254367, 0.406223893, -0.0174359139, 0.913607121, 0.0341366082, 0.999409497, 0.00389504433, -0.913135767, 0.0296051353, 0.406579405)}) tween4:Play() tablesorting(part4, tween4)
		task.wait(0.13499997615814208)

		if afterframe() then
			return
		end

		--8, 0.699999988079071
		tween1 = ts:Create(part1, TweenInfo.new(0.10000002384185791, Enum.EasingStyle.Linear, Enum.EasingDirection.In, 0, false, 0), {C0 = CFrame.new(3.7252903e-09, -0.107292779, 0.101915479, -0.969122767, -0.234129325, 0.0773601681, 0.0494142622, 0.122963563, 0.991180182, -0.241576836, 0.964397967, -0.107597448)}) tween1:Play() tablesorting(part1, tween1)
		tween5 = ts:Create(part5, TweenInfo.new(0.25, Enum.EasingStyle.Linear, Enum.EasingDirection.In, 0, false, 0), {C0 = CFrame.new(-0.94414562, -0.849669635, -0.0586517751, -0.0784889907, 0.0453024805, -0.995884597, -0.272661746, 0.959901273, 0.0651550144, 0.958903432, 0.276653767, -0.0629895851)}) tween5:Play() tablesorting(part5, tween5)
		tween4 = ts:Create(part4, TweenInfo.new(0.18333333730697632, Enum.EasingStyle.Linear, Enum.EasingDirection.In, 0, false, 0), {C0 = CFrame.new(1.08308697, -0.868611157, 0.144896805, 0.402484119, -0.0213469975, 0.915178061, 0.146854311, 0.98828584, -0.0415324643, -0.903570831, 0.151114002, 0.400904268)}) tween4:Play() tablesorting(part4, tween4)
		task.wait()

		if afterframe() then
			return
		end

		--9, 0.7166666388511658
		tween6 = ts:Create(part6, TweenInfo.new(0.23333334922790527, Enum.EasingStyle.Linear, Enum.EasingDirection.In, 0, false, 0), {C0 = CFrame.new(-3.81842256e-08, 1, 1.49011612e-08, -0.994524956, 0.100595504, -0.0282940902, -0.0464881547, -0.183414727, 0.981935799, 0.0935887322, 0.977875054, 0.187087029)}) tween6:Play() tablesorting(part6, tween6)
		tween2 = ts:Create(part2, TweenInfo.new(0.23333334922790527, Enum.EasingStyle.Linear, Enum.EasingDirection.In, 0, false, 0), {C0 = CFrame.new(1.18404007, 1.42381942, -0.22230652, -0.980858207, -0.176256776, 0.082764402, 0.178638503, -0.983663619, 0.0222515166, 0.0774903297, 0.036610797, 0.996320546)}) tween2:Play() tablesorting(part2, tween2)
		tween3 = ts:Create(part3, TweenInfo.new(0.23333334922790527, Enum.EasingStyle.Linear, Enum.EasingDirection.In, 0, false, 0), {C0 = CFrame.new(-1.09837222, 1.3150804, -0.704082489, -0.973618686, -0.15083465, -0.171217501, 0.125329524, -0.980537236, 0.151130378, -0.190680757, 0.125684634, 0.973573327)}) tween3:Play() tablesorting(part3, tween3)
		task.wait(0.06833337306976318)

		if afterframe() then
			return
		end

		--10, 0.800000011920929
		tween1 = ts:Create(part1, TweenInfo.new(0.08333331346511841, Enum.EasingStyle.Linear, Enum.EasingDirection.In, 0, false, 0), {C0 = CFrame.new(-2.79396772e-09, -0.169288293, -0.0060627535, -0.971876025, -0.222903937, 0.075966239, 0.0339657515, 0.186528251, 0.981862307, -0.233030826, 0.956828594, -0.17371124)}) tween1:Play() tablesorting(part1, tween1)
		task.wait(0.06833331346511841)

		if afterframe() then
			return
		end

		--11, 0.8833333253860474
		tween1 = ts:Create(part1, TweenInfo.new(0.06666666269302368, Enum.EasingStyle.Linear, Enum.EasingDirection.In, 0, false, 0), {C0 = CFrame.new(-3.7252903e-09, -0.260744721, -0.114053726, -0.966849387, -0.24136965, 0.0833240375, 0.0225886367, 0.244189277, 0.969464481, -0.254346132, 0.939208329, -0.230642065)}) tween1:Play() tablesorting(part1, tween1)
		tween4 = ts:Create(part4, TweenInfo.new(0.06666666269302368, Enum.EasingStyle.Linear, Enum.EasingDirection.In, 0, false, 0), {C0 = CFrame.new(1.08249509, -0.843138516, 0.151312232, 0.401588291, -0.0184617862, 0.915633976, 0.177181572, 0.982473493, -0.0579006821, -0.89851743, 0.185485676, 0.397821188)}) tween4:Play() tablesorting(part4, tween4)
		task.wait(0.05166666269302368)

		if afterframe() then
			return
		end

		--12, 0.949999988079071
		tween1 = ts:Create(part1, TweenInfo.new(0.15000003576278687, Enum.EasingStyle.Linear, Enum.EasingDirection.In, 0, false, 0), {C0 = CFrame.new(-7.4505806e-08, -1.00868857, -0.114042103, -0.98806262, 0.149038851, 0.0389838815, 0.130165562, 0.672331929, 0.728715897, 0.0823968872, 0.725091219, -0.683705747)}) tween1:Play() tablesorting(part1, tween1)
		tween6 = ts:Create(part6, TweenInfo.new(0.15000003576278687, Enum.EasingStyle.Linear, Enum.EasingDirection.In, 0, false, 0), {C0 = CFrame.new(-2.23517418e-08, 1, 1.49011612e-08, -0.977308631, 0.178932726, -0.113361433, -0.0312239975, 0.40763551, 0.912610769, 0.209506065, 0.895442069, -0.392798722)}) tween6:Play() tablesorting(part6, tween6)
		tween5 = ts:Create(part5, TweenInfo.new(0.15000003576278687, Enum.EasingStyle.Linear, Enum.EasingDirection.In, 0, false, 0), {C0 = CFrame.new(-0.905984223, -0.366882324, -0.162614882, -0.0901532024, -0.0786737055, -0.992815077, -0.783078909, 0.621538162, 0.0218554139, 0.615353584, 0.779423535, -0.117641583)}) tween5:Play() tablesorting(part5, tween5)
		tween2 = ts:Create(part2, TweenInfo.new(0.15000003576278687, Enum.EasingStyle.Linear, Enum.EasingDirection.In, 0, false, 0), {C0 = CFrame.new(0.840805054, 0.695341051, -1.20305514, -0.960144997, -0.246837825, 0.131119877, 0.244792253, -0.516218185, 0.820729613, -0.134900495, 0.820116043, 0.556067824)}) tween2:Play() tablesorting(part2, tween2)
		tween4 = ts:Create(part4, TweenInfo.new(0.15000003576278687, Enum.EasingStyle.Linear, Enum.EasingDirection.In, 0, false, 0), {C0 = CFrame.new(1.17935741, -1.02327931, 0.214869559, 0.58678925, -0.113177642, 0.801791251, 0.018155098, 0.991773963, 0.12670815, -0.809536278, -0.0597943217, 0.584017038)}) tween4:Play() tablesorting(part4, tween4)
		tween3 = ts:Create(part3, TweenInfo.new(0.09999996423721313, Enum.EasingStyle.Linear, Enum.EasingDirection.In, 0, false, 0), {C0 = CFrame.new(-0.486112595, 0.682016492, -0.851085484, -0.557228982, -0.134589911, -0.81937921, -0.698138475, -0.458302498, 0.55005765, -0.449555457, 0.878547311, 0.161417261)}) tween3:Play() tablesorting(part3, tween3)
		task.wait(0.08499996423721314)

		if afterframe() then
			return
		end

		--13, 1.0499999523162842
		tween3 = ts:Create(part3, TweenInfo.new(0.10000002384185791, Enum.EasingStyle.Linear, Enum.EasingDirection.In, 0, false, 0), {C0 = CFrame.new(-0.772994518, 0.0238460004, -0.337083995, -0.289890349, -0.607180119, -0.739794672, -0.878995299, -0.136864871, 0.456766933, -0.378591567, 0.7826882, -0.494032443)}) tween3:Play() tablesorting(part3, tween3)
		task.wait(0.03500007152557373)

		if afterframe() then
			return
		end

		--14, 1.100000023841858
		tween1 = ts:Create(part1, TweenInfo.new(0.04999995231628418, Enum.EasingStyle.Linear, Enum.EasingDirection.In, 0, false, 0), {C0 = CFrame.new(8.94069672e-08, -1.17156625, -0.114064187, -0.952163219, 0.273667783, -0.135982513, 0.173308909, 0.850091457, 0.497301519, 0.25169301, 0.449945211, -0.856854916)}) tween1:Play() tablesorting(part1, tween1)
		tween6 = ts:Create(part6, TweenInfo.new(0.1499999761581421, Enum.EasingStyle.Linear, Enum.EasingDirection.In, 0, false, 0), {C0 = CFrame.new(-4.65661287e-08, 1.00000012, 8.94069672e-08, -0.990106702, -0.135551527, -0.036252901, -0.000543743372, -0.254657716, 0.967031181, -0.140314668, 0.957483888, 0.252064675)}) tween6:Play() tablesorting(part6, tween6)
		tween5 = ts:Create(part5, TweenInfo.new(0.04999995231628418, Enum.EasingStyle.Linear, Enum.EasingDirection.In, 0, false, 0), {C0 = CFrame.new(-0.933525264, -0.317732096, -0.176808894, -0.0248000585, -0.0577154011, -0.998025, -0.917847097, 0.39693433, -0.000146853738, 0.396158874, 0.916030765, -0.0628179014)}) tween5:Play() tablesorting(part5, tween5)
		tween2 = ts:Create(part2, TweenInfo.new(0.1499999761581421, Enum.EasingStyle.Linear, Enum.EasingDirection.In, 0, false, 0), {C0 = CFrame.new(0.891399026, 0.801418304, -0.85804975, -0.975133896, 0.160781324, -0.152520299, -0.0869902372, 0.35528779, 0.930701137, 0.203827605, 0.920825422, -0.332466424)}) tween2:Play() tablesorting(part2, tween2)
		tween4 = ts:Create(part4, TweenInfo.new(0.04999995231628418, Enum.EasingStyle.Linear, Enum.EasingDirection.In, 0, false, 0), {C0 = CFrame.new(0.945215404, -1.09382677, 0.195856124, 0.641518116, 0.0600060076, 0.764757335, -0.0229679793, 0.997991383, -0.0590397716, -0.766763926, 0.0203101635, 0.641607761)}) tween4:Play() tablesorting(part4, tween4)
		task.wait(0.03499995231628418)

		if afterframe() then
			return
		end

		--15, 1.149999976158142
		tween1 = ts:Create(part1, TweenInfo.new(0.10000002384185791, Enum.EasingStyle.Linear, Enum.EasingDirection.In, 0, false, 0), {C0 = CFrame.new(1.72257423e-05, -1.38809001, 0.0343348086, -0.806794286, 0.468715906, -0.359705925, 0.286434144, 0.842773676, 0.455727905, 0.516757607, 0.26464659, -0.814201236)}) tween1:Play() tablesorting(part1, tween1)
		tween5 = ts:Create(part5, TweenInfo.new(0.10000002384185791, Enum.EasingStyle.Linear, Enum.EasingDirection.In, 0, false, 0), {C0 = CFrame.new(-1.06973922, -0.208012879, -0.205658138, 0.0747801512, 0.00185970962, -0.997198343, -0.991432905, 0.107532501, -0.0741472468, 0.107093334, 0.994199932, 0.00988505781)}) tween5:Play() tablesorting(part5, tween5)
		tween4 = ts:Create(part4, TweenInfo.new(0.10000002384185791, Enum.EasingStyle.Linear, Enum.EasingDirection.In, 0, false, 0), {C0 = CFrame.new(0.876576364, -1.21917009, 0.218128204, 0.730717957, 0.261909842, 0.63043946, -0.118702948, 0.958156168, -0.260472834, -0.672279716, 0.115497142, 0.731231689)}) tween4:Play() tablesorting(part4, tween4)
		tween3 = ts:Create(part3, TweenInfo.new(0.11666667461395264, Enum.EasingStyle.Linear, Enum.EasingDirection.In, 0, false, 0), {C0 = CFrame.new(-1.10484004, -0.469142914, 0.258562177, 0.348963976, 0.775301456, -0.526432753, -0.835216403, 0.00253582746, -0.549916267, -0.425016016, 0.631586373, 0.648429155)}) tween3:Play() tablesorting(part3, tween3)
		task.wait(0.08500002384185791)

		if afterframe() then
			return
		end

		--16, 1.25
		tween1 = ts:Create(part1, TweenInfo.new(0.13333332538604736, Enum.EasingStyle.Linear, Enum.EasingDirection.In, 0, false, 0), {C0 = CFrame.new(1.57952309e-06, -1.21821511, 0.167588949, -0.783514261, 0.528831184, -0.326256305, 0.337869644, 0.803236067, 0.490566999, 0.521487832, 0.274134099, -0.808022797)}) tween1:Play() tablesorting(part1, tween1)
		tween6 = ts:Create(part6, TweenInfo.new(0.13333332538604736, Enum.EasingStyle.Linear, Enum.EasingDirection.In, 0, false, 0), {C0 = CFrame.new(-5.21540642e-08, 1.00000012, 1.1920929e-07, -0.935654998, -0.327655375, -0.131116405, 0.090726018, -0.582354128, 0.807856858, -0.341054857, 0.743979692, 0.574609518)}) tween6:Play() tablesorting(part6, tween6)
		tween5 = ts:Create(part5, TweenInfo.new(0.13333332538604736, Enum.EasingStyle.Linear, Enum.EasingDirection.In, 0, false, 0), {C0 = CFrame.new(-1.07571244, -0.109437048, -0.324646354, 0.187754512, -0.0991716981, -0.977196217, -0.95816505, 0.2003223, -0.204427302, 0.21602796, 0.974698365, -0.0574119687)}) tween5:Play() tablesorting(part5, tween5)
		tween2 = ts:Create(part2, TweenInfo.new(0.31666672229766846, Enum.EasingStyle.Linear, Enum.EasingDirection.In, 0, false, 0), {C0 = CFrame.new(1.07175326, 0.676477969, -0.828739524, -0.979806662, -0.129290566, -0.152520239, -0.186405569, 0.314721793, 0.930701196, -0.0723296404, 0.940337002, -0.332466304)}) tween2:Play() tablesorting(part2, tween2)
		tween4 = ts:Create(part4, TweenInfo.new(0.21666669845581055, Enum.EasingStyle.Linear, Enum.EasingDirection.In, 0, false, 0), {C0 = CFrame.new(1.00003684, -1.17006874, 0.12838465, 0.73551321, 0.225259468, 0.638966322, -0.100231782, 0.968910158, -0.226200566, -0.670054615, 0.102328733, 0.735224485)}) tween4:Play() tablesorting(part4, tween4)
		task.wait()

		if afterframe() then
			return
		end

		--17, 1.2666666507720947
		tween3 = ts:Create(part3, TweenInfo.new(0.11666667461395264, Enum.EasingStyle.Linear, Enum.EasingDirection.In, 0, false, 0), {C0 = CFrame.new(-0.841794848, -0.127666235, 0.347538441, 0.488734603, 0.848836541, 0.20153147, -0.682018995, 0.515783131, -0.518476486, -0.544048309, 0.115949139, 0.831003726)}) tween3:Play() tablesorting(part3, tween3)
		task.wait(0.10166667461395264)

		if afterframe() then
			return
		end

		--18, 1.3833333253860474
		tween1 = ts:Create(part1, TweenInfo.new(0.08333337306976318, Enum.EasingStyle.Linear, Enum.EasingDirection.In, 0, false, 0), {C0 = CFrame.new(0, -1.17242861, 0.213731647, -0.771608472, 0.543862581, -0.329899788, 0.34215191, 0.792073011, 0.505521834, 0.536239088, 0.277189136, -0.797253847)}) tween1:Play() tablesorting(part1, tween1)
		tween6 = ts:Create(part6, TweenInfo.new(0.1833333969116211, Enum.EasingStyle.Linear, Enum.EasingDirection.In, 0, false, 0), {C0 = CFrame.new(2.23517418e-08, 1.00000012, 5.96046448e-08, -0.831520081, -0.517298639, -0.202425987, 0.132255271, -0.538288355, 0.832318723, -0.539520919, 0.665317893, 0.516013086)}) tween6:Play() tablesorting(part6, tween6)
		tween5 = ts:Create(part5, TweenInfo.new(0.08333337306976318, Enum.EasingStyle.Linear, Enum.EasingDirection.In, 0, false, 0), {C0 = CFrame.new(-1.08622789, -0.116276622, -0.373592496, 0.180958569, -0.1377455, -0.973796844, -0.967648804, 0.152064949, -0.201326013, 0.175812125, 0.978724957, -0.105771825)}) tween5:Play() tablesorting(part5, tween5)
		tween3 = ts:Create(part3, TweenInfo.new(0.08333337306976318, Enum.EasingStyle.Linear, Enum.EasingDirection.In, 0, false, 0), {C0 = CFrame.new(-0.677390575, 0.0857565403, 0.40314889, 0.523938417, 0.805398464, 0.277167529, -0.567656755, 0.572782278, -0.591342688, -0.635023057, 0.152491137, 0.757292688)}) tween3:Play() tablesorting(part3, tween3)
		task.wait(0.06833337306976318)

		if afterframe() then
			return
		end

		--19, 1.4666666984558105
		tween1 = ts:Create(part1, TweenInfo.new(0.10000002384185791, Enum.EasingStyle.Linear, Enum.EasingDirection.In, 0, false, 0), {C0 = CFrame.new(2.98023224e-08, -1.18696928, 0.232145667, -0.770753086, 0.512163281, -0.378983408, 0.274269521, 0.803601444, 0.528205454, 0.575079083, 0.30317232, -0.759849072)}) tween1:Play() tablesorting(part1, tween1)
		tween5 = ts:Create(part5, TweenInfo.new(0.1499999761581421, Enum.EasingStyle.Linear, Enum.EasingDirection.In, 0, false, 0), {C0 = CFrame.new(-1.06394339, -0.0898960233, -0.254578054, 0.170198172, -0.0815617591, -0.982028246, -0.980088115, 0.0894203931, -0.177288115, 0.102273524, 0.992649317, -0.0647190362)}) tween5:Play() tablesorting(part5, tween5)
		tween4 = ts:Create(part4, TweenInfo.new(0.1499999761581421, Enum.EasingStyle.Linear, Enum.EasingDirection.In, 0, false, 0), {C0 = CFrame.new(0.971087694, -1.25180888, 0.108834565, 0.707004488, 0.383645922, 0.59410435, -0.173706144, 0.908539057, -0.379977733, -0.685543656, 0.165446416, 0.708982944)}) tween4:Play() tablesorting(part4, tween4)
		tween3 = ts:Create(part3, TweenInfo.new(0.1499999761581421, Enum.EasingStyle.Linear, Enum.EasingDirection.In, 0, false, 0), {C0 = CFrame.new(-0.527026296, 0.253565967, 0.578434467, 0.561425745, 0.821745038, 0.0976503193, -0.334315658, 0.333171159, -0.881606638, -0.756990135, 0.462311178, 0.461773574)}) tween3:Play() tablesorting(part3, tween3)
		task.wait(0.08500002384185791)

		if afterframe() then
			return
		end

		--20, 1.5666667222976685
		tween1 = ts:Create(part1, TweenInfo.new(0.04999995231628418, Enum.EasingStyle.Linear, Enum.EasingDirection.In, 0, false, 0), {C0 = CFrame.new(5.96046448e-08, -1.21497464, 0.225959897, -0.771261454, 0.482545048, -0.415097654, 0.267558694, 0.837500215, 0.476451308, 0.57755357, 0.256405562, -0.775040746)}) tween1:Play() tablesorting(part1, tween1)
		tween6 = ts:Create(part6, TweenInfo.new(0.216666579246521, Enum.EasingStyle.Linear, Enum.EasingDirection.In, 0, false, 0), {C0 = CFrame.new(-1.3038516e-08, 1, 2.23517418e-08, -0.993697584, -0.107281595, 0.0324908793, 0.0521637872, -0.186017022, 0.981160939, -0.0992166698, 0.976672173, 0.190440893)}) tween6:Play() tablesorting(part6, tween6)
		tween2 = ts:Create(part2, TweenInfo.new(0.04999995231628418, Enum.EasingStyle.Linear, Enum.EasingDirection.In, 0, false, 0), {C0 = CFrame.new(1.07175326, 0.676478028, -0.828739524, -0.979806662, -0.11266426, -0.165182441, -0.186405569, 0.215856075, 0.958467841, -0.0723296404, 0.969903231, -0.232497901)}) tween2:Play() tablesorting(part2, tween2)
		task.wait(0.03499995231628418)

		if afterframe() then
			return
		end

		--21, 1.6166666746139526
		tween1 = ts:Create(part1, TweenInfo.new(0.10000002384185791, Enum.EasingStyle.Linear, Enum.EasingDirection.In, 0, false, 0), {C0 = CFrame.new(-2.08616257e-07, -1.40641201, 0.109493047, -0.856829882, 0.350901097, -0.377771139, 0.186988786, 0.894283354, 0.406561941, 0.48049745, 0.277715445, -0.831863225)}) tween1:Play() tablesorting(part1, tween1)
		tween5 = ts:Create(part5, TweenInfo.new(0.10000002384185791, Enum.EasingStyle.Linear, Enum.EasingDirection.In, 0, false, 0), {C0 = CFrame.new(-1.06394148, -0.0898954868, -0.254576564, 0.294213474, 0.113472998, -0.948979616, -0.949961782, 0.143736392, -0.277330875, 0.104933321, 0.983088851, 0.150084212)}) tween5:Play() tablesorting(part5, tween5)
		tween2 = ts:Create(part2, TweenInfo.new(0.10000002384185791, Enum.EasingStyle.Linear, Enum.EasingDirection.In, 0, false, 0), {C0 = CFrame.new(1.07175338, 0.676478207, -0.828739405, -0.959803522, 0.206156388, -0.190463498, -0.19747214, -0.0137742721, 0.98021245, 0.199453086, 0.978421628, 0.0539310127)}) tween2:Play() tablesorting(part2, tween2)
		tween4 = ts:Create(part4, TweenInfo.new(0.16666662693023682, Enum.EasingStyle.Linear, Enum.EasingDirection.In, 0, false, 0), {C0 = CFrame.new(1.1169678, -1.27475286, 0.189134449, 0.707004786, 0.306292236, 0.637439907, -0.173706204, 0.948943853, -0.263308644, -0.685543537, 0.0754332244, 0.72411257)}) tween4:Play() tablesorting(part4, tween4)
		tween3 = ts:Create(part3, TweenInfo.new(0.2666666507720947, Enum.EasingStyle.Linear, Enum.EasingDirection.In, 0, false, 0), {C0 = CFrame.new(-0.571633041, 0.135145724, 0.62560302, 0.561425865, 0.825500309, -0.0578798056, -0.334315628, 0.162274629, -0.928385735, -0.756990075, 0.540570378, 0.367083102)}) tween3:Play() tablesorting(part3, tween3)
		task.wait(0.08500002384185791)

		if afterframe() then
			return
		end

		--22, 1.7166666984558105
		tween1 = ts:Create(part1, TweenInfo.new(0.0666666030883789, Enum.EasingStyle.Linear, Enum.EasingDirection.In, 0, false, 0), {C0 = CFrame.new(-3.87430191e-07, -1.62432146, -0.037548542, -0.940215051, 0.203256011, -0.273281634, 0.0827860534, 0.914722264, 0.395511836, 0.330366969, 0.34924224, -0.876862288)}) tween1:Play() tablesorting(part1, tween1)
		tween5 = ts:Create(part5, TweenInfo.new(0.0666666030883789, Enum.EasingStyle.Linear, Enum.EasingDirection.In, 0, false, 0), {C0 = CFrame.new(-0.956572711, -0.0247689486, -0.0498359203, 0.13981849, 0.447030067, -0.883523762, -0.962418377, 0.271149427, -0.015111506, 0.232812107, 0.852433383, 0.468141764)}) tween5:Play() tablesorting(part5, tween5)
		tween2 = ts:Create(part2, TweenInfo.new(0.11666667461395264, Enum.EasingStyle.Linear, Enum.EasingDirection.In, 0, false, 0), {C0 = CFrame.new(0.505388618, 0.570670485, -0.905845881, -0.681634307, 0.706468701, -0.190463498, -0.171582386, 0.0987140089, 0.98021245, 0.711289883, 0.700825989, 0.0539310127)}) tween2:Play() tablesorting(part2, tween2)
		task.wait(0.05166660308837891)

		if afterframe() then
			return
		end

		--23, 1.7833333015441895
		tween1 = ts:Create(part1, TweenInfo.new(0.05000007152557373, Enum.EasingStyle.Linear, Enum.EasingDirection.In, 0, false, 0), {C0 = CFrame.new(-1.49011612e-08, -1.552513, -0.444758505, -0.982948065, 0.123595387, -0.13615182, 0.0805595815, 0.95503062, 0.285354197, 0.165297627, 0.269520015, -0.948702216)}) tween1:Play() tablesorting(part1, tween1)
		tween6 = ts:Create(part6, TweenInfo.new(0.10000002384185791, Enum.EasingStyle.Linear, Enum.EasingDirection.In, 0, false, 0), {C0 = CFrame.new(-1.11758709e-08, 1.00000012, 0, -0.841298401, 0.537263274, 0.059708219, 0.0904345438, 0.0309859589, 0.995420337, 0.532952666, 0.842845261, -0.0746556073)}) tween6:Play() tablesorting(part6, tween6)
		tween5 = ts:Create(part5, TweenInfo.new(0.05000007152557373, Enum.EasingStyle.Linear, Enum.EasingDirection.In, 0, false, 0), {C0 = CFrame.new(-1.06162858, -0.876482308, -0.0752415061, 0.210795775, 0.476112485, -0.853745878, -0.817212105, 0.56507951, 0.113355204, 0.536404252, 0.673796773, 0.508201241)}) tween5:Play() tablesorting(part5, tween5)
		tween4 = ts:Create(part4, TweenInfo.new(0.08333337306976318, Enum.EasingStyle.Linear, Enum.EasingDirection.In, 0, false, 0), {C0 = CFrame.new(1.22448254, -1.2272768, -0.139264494, 0.0932469517, 0.393879771, 0.914420068, -0.446024388, 0.837635577, -0.315323055, -0.890149653, -0.378450453, 0.25378716)}) tween4:Play() tablesorting(part4, tween4)
		task.wait(0.03500007152557373)

		if afterframe() then
			return
		end

		--24, 1.8333333730697632
		--25, 1.8333333730697632
		tween1 = ts:Create(part1, TweenInfo.new(0.03333330154418945, Enum.EasingStyle.Linear, Enum.EasingDirection.In, 0, false, 0), {C0 = CFrame.new(-9.26852226e-06, -1.30888879, -1.18573177, -0.970883906, -0.165058851, -0.173609018, -0.219688267, 0.902448595, 0.370572209, 0.0955069363, 0.397922426, -0.91243428)}) tween1:Play() tablesorting(part1, tween1)
		tween5 = ts:Create(part5, TweenInfo.new(0.04999995231628418, Enum.EasingStyle.Linear, Enum.EasingDirection.In, 0, false, 0), {C0 = CFrame.new(-0.812094212, -1.05363178, 0.383474052, 0.519349933, -0.0373293795, -0.85374552, 0.255355805, 0.960178912, 0.113355473, 0.815517962, -0.276880473, 0.508201301)}) tween5:Play() tablesorting(part5, tween5)
		tween2 = ts:Create(part2, TweenInfo.new(0.11666667461395264, Enum.EasingStyle.Linear, Enum.EasingDirection.In, 0, false, 0), {C0 = CFrame.new(0.648447633, 0.32825467, 0.556094348, 0.513216913, -0.418367982, 0.749384046, -0.0429826379, 0.859520555, 0.509292126, -0.85718143, -0.293587148, 0.423137635)}) tween2:Play() tablesorting(part2, tween2)
		task.wait(0.018333301544189454)

		if afterframe() then
			return
		end

		--26, 1.8666666746139526
		tween1 = ts:Create(part1, TweenInfo.new(0.016666650772094727, Enum.EasingStyle.Linear, Enum.EasingDirection.In, 0, false, 0), {C0 = CFrame.new(-0.513016403, -0.503162026, -2.62759852, -0.852093756, -0.474412411, -0.221063733, -0.50866729, 0.651160598, 0.563247323, -0.123263508, 0.592387378, -0.79616797)}) tween1:Play() tablesorting(part1, tween1)
		tween4 = ts:Create(part4, TweenInfo.new(0.08333337306976318, Enum.EasingStyle.Linear, Enum.EasingDirection.In, 0, false, 0), {C0 = CFrame.new(1.20219529, 0.131432652, -0.906032443, -0.198938519, 0.252075702, 0.947038174, 0.092066586, 0.966887057, -0.238019094, -0.975677848, 0.0398394018, -0.215558857)}) tween4:Play() tablesorting(part4, tween4)
		task.wait()

		if afterframe() then
			return
		end

		--27, 1.8833333253860474
		tween1 = ts:Create(part1, TweenInfo.new(0.06666672229766846, Enum.EasingStyle.Linear, Enum.EasingDirection.In, 0, false, 0), {C0 = CFrame.new(-1.19701612, 0.327515066, -3.80911446, -0.760620236, -0.597063005, -0.254897207, -0.561848819, 0.408709973, 0.719223559, -0.325242728, 0.690269709, -0.646332085)}) tween1:Play() tablesorting(part1, tween1)
		tween6 = ts:Create(part6, TweenInfo.new(0.16666662693023682, Enum.EasingStyle.Linear, Enum.EasingDirection.In, 0, false, 0), {C0 = CFrame.new(-2.23517418e-08, 1.00000012, 7.4505806e-09, -0.780580282, 0.581277132, 0.229806706, 0.0568688847, -0.300088614, 0.952214777, 0.622463048, 0.756349027, 0.201186672)}) tween6:Play() tablesorting(part6, tween6)
		tween5 = ts:Create(part5, TweenInfo.new(0.2666667699813843, Enum.EasingStyle.Linear, Enum.EasingDirection.In, 0, false, 0), {C0 = CFrame.new(-1.08661187, -0.580557704, -0.113089576, 0.608994067, -0.371602684, -0.700740278, 0.714623928, 0.640382051, 0.281466037, 0.344148487, -0.672177851, 0.655545354)}) tween5:Play() tablesorting(part5, tween5)
		tween3 = ts:Create(part3, TweenInfo.new(0.10000002384185791, Enum.EasingStyle.Linear, Enum.EasingDirection.In, 0, false, 0), {C0 = CFrame.new(-1.13856864, 1.19147301, 0.239582479, -0.428331852, 0.501573682, 0.751634955, -0.881773114, -0.413811058, -0.22635439, 0.197501361, -0.759726226, 0.619523704)}) tween3:Play() tablesorting(part3, tween3)
		task.wait(0.018333301544189454)

		if afterframe() then
			return
		end

		--28, 1.9166666269302368
		--29, 1.9500000476837158
		tween1 = ts:Create(part1, TweenInfo.new(0.09999990463256836, Enum.EasingStyle.Linear, Enum.EasingDirection.In, 0, false, 0), {C0 = CFrame.new(-1.46013284, 0.702655971, -4.20717764, -0.755393088, -0.647936642, -0.0977723598, -0.447604477, 0.401245803, 0.799157143, -0.478572428, 0.647441089, -0.593117654)}) tween1:Play() tablesorting(part1, tween1)
		tween2 = ts:Create(part2, TweenInfo.new(0.20000004768371582, Enum.EasingStyle.Linear, Enum.EasingDirection.In, 0, false, 0), {C0 = CFrame.new(1.41408682, 0.828935564, 0.627171218, 0.255484343, -0.731430292, -0.632247508, 0.949326634, 0.0659720004, 0.307291687, -0.183050811, -0.678717136, 0.711219907)}) tween2:Play() tablesorting(part2, tween2)
		tween4 = ts:Create(part4, TweenInfo.new(0.09999990463256836, Enum.EasingStyle.Linear, Enum.EasingDirection.In, 0, false, 0), {C0 = CFrame.new(0.903927386, -0.393834949, -0.638727129, -0.386884332, 0.387933135, 0.836557686, 0.89626801, 0.371536642, 0.242207065, -0.216851711, 0.843485653, -0.491433114)}) tween4:Play() tablesorting(part4, tween4)
		task.wait(0.018333301544189454)

		if afterframe() then
			return
		end

		--30, 1.9833333492279053
		tween3 = ts:Create(part3, TweenInfo.new(0.0666666030883789, Enum.EasingStyle.Linear, Enum.EasingDirection.In, 0, false, 0), {C0 = CFrame.new(-1.04100835, 0.927219391, -0.386790931, -0.638174355, 0.766445458, 0.0727667138, -0.575896561, -0.537959218, 0.615583718, 0.510956645, 0.350943685, 0.784704983)}) tween3:Play() tablesorting(part3, tween3)
		task.wait(0.05166660308837891)

		if afterframe() then
			return
		end

		--31, 2.049999952316284
		tween1 = ts:Create(part1, TweenInfo.new(0.10000014305114746, Enum.EasingStyle.Linear, Enum.EasingDirection.In, 0, false, 0), {C0 = CFrame.new(-1.78902888, 0.742604136, -5.50419331, -0.935835481, -0.352233171, -0.0119845569, -0.20350875, 0.512307048, 0.834341466, -0.287743062, 0.783245325, -0.551117659)}) tween1:Play() tablesorting(part1, tween1)
		tween6 = ts:Create(part6, TweenInfo.new(0.3666667938232422, Enum.EasingStyle.Linear, Enum.EasingDirection.In, 0, false, 0), {C0 = CFrame.new(4.65661287e-10, 1, -9.31322575e-10, -0.992634356, -0.120321438, 0.0141365491, 0.0129933357, 0.0102806063, 0.999862731, -0.120450258, 0.992681742, -0.00864150655)}) tween6:Play() tablesorting(part6, tween6)
		tween4 = ts:Create(part4, TweenInfo.new(0.20000004768371582, Enum.EasingStyle.Linear, Enum.EasingDirection.In, 0, false, 0), {C0 = CFrame.new(0.884664536, -0.75514555, -0.207968771, -0.148592025, -0.0985283032, 0.983977914, 0.366854757, 0.918530583, 0.147374183, -0.918334365, 0.382875592, -0.100340754)}) tween4:Play() tablesorting(part4, tween4)
