function animation(character)
	local canceldb = false
	local root = character:FindFirstChild("HumanoidRootPart", true)
	local part1 = character["HumanoidRootPart"]["RootJoint"]	
	local part2 = character["Torso"]["Right Shoulder"]
	local part3 = character["Torso"]["Left Shoulder"]
	local part4 = character["Torso"]["Right Hip"]
	local part5 = character["Torso"]["Left Hip"]
	local part6 = character["Torso"]["Neck"]
	local val = 2 --Action
	local tweens = {}
	local function tablesorting(part, tween)
		for i, v in pairs(tweens) do
			if v.Instance == part then
				table.remove(tweens, table.find(tweens, v))
			end
		end
		table.insert(tweens, tween)
	end
	local ts = game:GetService("TweenService")
	local tween1, tween2, tween3, tween4, tween5, tween6

	local priority = root:FindFirstChild("priority")
	if not priority then
		priority = Instance.new("NumberValue", root)
		priority.Name = "priority"
	end

	local anims = root:FindFirstChild("anims")
	if not anims then
		anims = Instance.new("Folder", root)
		anims.Name = "anims"
	end
	local animvalue = anims:FindFirstChild("Imported Animation Clip")
	if not animvalue then
		animvalue = Instance.new("BoolValue", anims)
		animvalue.Value = true
		animvalue.Name = "Imported Animation Clip"
	end
	animvalue.Value = true

	local function afterframe()
		if canceldb or not character or not part1 then
			return true
		else
			return false
		end
	end

	if afterframe() then
		animvalue.Value = false
		return false
	end
	priority.Value = val
	local connect
	local connect2
	connect = priority.Changed:Connect(function()
		if priority.Value > val then
			for i, v in pairs(tweens) do
				if v and v.PlaybackState == Enum.PlaybackState.Playing then
					v:Cancel()
				end
			end
			canceldb = true
			connect2:Disconnect()
			connect:Disconnect()
		else
			priority.Value = val
		end
	end)
	connect2 = animvalue.Changed:Connect(function()
		if not animvalue.Value then
			for i, v in pairs(tweens) do
				if v and v.PlaybackState == Enum.PlaybackState.Playing then
					v:Cancel()
				end
			end
			canceldb = true
			connect:Disconnect()
			if priority.Value <= val then
				priority.Value = 0
			end
			connect2:Disconnect()
		--smooth transition
		tween1 = ts:Create(part1, TweenInfo.new(0.5), {C0 = CFrame.new(0, 0, 0, -1, 0, 0, 0, 0, 1, 0, 1, -0)}) tween1:Play() tablesorting(part1, tween1)
		tween2 = ts:Create(part2, TweenInfo.new(0.5), {C0 = CFrame.new(1, 0.5, 0, 0, 0, 1, 0, 1, -0, -1, 0, 0)}) tween2:Play() tablesorting(part2, tween2)
		tween3 = ts:Create(part3, TweenInfo.new(0.5), {C0 = CFrame.new(-1, 0.5, 0, 0, 0, -1, 0, 1, 0, 1, 0, 0)}) tween3:Play() tablesorting(part3, tween3)
		tween4 = ts:Create(part4, TweenInfo.new(0.5), {C0 = CFrame.new(1, -1, 0, 0, 0, 1, 0, 1, -0, -1, 0, 0)}) tween4:Play() tablesorting(part4, tween4)
		tween5 = ts:Create(part5, TweenInfo.new(0.5), {C0 = CFrame.new(-1, -1, 0, 0, 0, -1, 0, 1, 0, 1, 0, 0)}) tween5:Play() tablesorting(part5, tween5)
		tween6 = ts:Create(part6, TweenInfo.new(0.5), {C0 = CFrame.new(0, 1, 0, -1, 0, 0, 0, 0, 1, 0, 1, -0)}) tween6:Play() tablesorting(part6, tween6)
		end
	end)
	if true then
		--1, 0
		tween1 = ts:Create(part1, TweenInfo.new(0.01666666753590107, Enum.EasingStyle.Linear, Enum.EasingDirection.In, 0, false, 0), {C0 = CFrame.new(3.6098063e-06, -0.283624977, 0.0570173189, -0.94109571, 0.337584794, 0.0193750411, -0.0396826938, -0.167164385, 0.985130131, 0.335803747, 0.926332891, 0.170713961)}) tween1:Play() tablesorting(part1, tween1)
		tween5 = ts:Create(part5, TweenInfo.new(0.01666666753590107, Enum.EasingStyle.Linear, Enum.EasingDirection.In, 0, false, 0), {C0 = CFrame.new(-1.00071883, -0.921546817, -0.0312382281, 0.13023898, 0.255307585, -0.958047926, 0.365299404, 0.885946691, 0.285753042, 0.921734333, -0.387190521, 0.0221211016)}) tween5:Play() tablesorting(part5, tween5)
		tween2 = ts:Create(part2, TweenInfo.new(0.01666666753590107, Enum.EasingStyle.Linear, Enum.EasingDirection.In, 0, false, 0), {C0 = CFrame.new(1, 0.5, -1.1920929e-07, -0.65613693, -0.304148972, 0.6906358, 0.424419343, 0.607997894, 0.670974553, -0.623981357, 0.733370364, -0.269843221)}) tween2:Play() tablesorting(part2, tween2)
		tween6 = ts:Create(part6, TweenInfo.new(0.01666666753590107, Enum.EasingStyle.Linear, Enum.EasingDirection.In, 0, false, 0), {C0 = CFrame.new(-2.23517418e-08, 1.00000012, -5.96046448e-08, -0.972032547, -0.209230915, 0.106654011, -0.0977593139, 0.773421288, 0.626308918, -0.213531658, 0.598366261, -0.77224493)}) tween6:Play() tablesorting(part6, tween6)
		tween3 = ts:Create(part3, TweenInfo.new(0.01666666753590107, Enum.EasingStyle.Linear, Enum.EasingDirection.In, 0, false, 0), {C0 = CFrame.new(-1, 0.49999997, -1.1920929e-07, -0.586155415, 0.179243118, -0.790122628, -0.461919099, 0.727263689, 0.507659674, 0.665621996, 0.662540197, -0.343493789)}) tween3:Play() tablesorting(part3, tween3)
		tween4 = ts:Create(part4, TweenInfo.new(0.01666666753590107, Enum.EasingStyle.Linear, Enum.EasingDirection.In, 0, false, 0), {C0 = CFrame.new(0.999750495, -0.972808182, -0.0108260661, -0.00675866287, -0.0349478647, 0.999366283, 0.189637035, 0.981208861, 0.0355954021, -0.981831014, 0.189757437, -4.25078906e-06)}) tween4:Play() tablesorting(part4, tween4)
		task.wait()

		if afterframe() then
			return
		end

		--2, 0.01666666753590107
		tween1 = ts:Create(part1, TweenInfo.new(0.01666666753590107, Enum.EasingStyle.Linear, Enum.EasingDirection.In, 0, false, 0), {C0 = CFrame.new(-1.44541264e-06, -0.411690354, 0.20874694, -0.940972865, 0.336297512, 0.0383939855, -0.0398047678, -0.222585082, 0.974100351, 0.33613342, 0.915073693, 0.222832769)}) tween1:Play() tablesorting(part1, tween1)
		tween5 = ts:Create(part5, TweenInfo.new(0.01666666753590107, Enum.EasingStyle.Linear, Enum.EasingDirection.In, 0, false, 0), {C0 = CFrame.new(-1.00132823, -0.855010986, -0.0577313304, 0.23532185, 0.197564453, -0.951625943, 0.423288673, 0.860552788, 0.283329517, 0.874900222, -0.469486088, 0.118880093)}) tween5:Play() tablesorting(part5, tween5)
		tween2 = ts:Create(part2, TweenInfo.new(0.01666666753590107, Enum.EasingStyle.Linear, Enum.EasingDirection.In, 0, false, 0), {C0 = CFrame.new(1, 0.5, -5.96046448e-08, -0.65613687, -0.304148912, 0.6906358, 0.424419284, 0.607997894, 0.670974553, -0.623981357, 0.733370304, -0.269843191)}) tween2:Play() tablesorting(part2, tween2)
		tween6 = ts:Create(part6, TweenInfo.new(0.01666666753590107, Enum.EasingStyle.Linear, Enum.EasingDirection.In, 0, false, 0), {C0 = CFrame.new(-7.4505806e-09, 1.00000012, -8.94069672e-08, -0.972032607, -0.1666684, 0.165451795, -0.0977593437, 0.927732468, 0.360216141, -0.213531628, 0.333967358, -0.918079615)}) tween6:Play() tablesorting(part6, tween6)
		tween3 = ts:Create(part3, TweenInfo.new(0.01666666753590107, Enum.EasingStyle.Linear, Enum.EasingDirection.In, 0, false, 0), {C0 = CFrame.new(-1, 0.49999997, -2.98023224e-08, -0.55930531, 0.327124834, -0.761686921, -0.338191628, 0.748856425, 0.569947898, 0.756838262, 0.576370955, -0.308208495)}) tween3:Play() tablesorting(part3, tween3)
		tween4 = ts:Create(part4, TweenInfo.new(0.01666666753590107, Enum.EasingStyle.Linear, Enum.EasingDirection.In, 0, false, 0), {C0 = CFrame.new(0.999538898, -0.949746907, -0.0200075507, -0.0124863433, -0.0645535365, 0.997836113, 0.189409748, 0.979694307, 0.0657500401, -0.981818736, 0.189820871, -5.73135912e-06)}) tween4:Play() tablesorting(part4, tween4)
		task.wait()

		if afterframe() then
			return
		end

		--3, 0.03333333507180214
		tween1 = ts:Create(part1, TweenInfo.new(0.01666666567325592, Enum.EasingStyle.Linear, Enum.EasingDirection.In, 0, false, 0), {C0 = CFrame.new(-5.67734241e-06, -0.518552125, 0.335354924, -0.940871596, 0.334401518, 0.054187566, -0.039921701, -0.268292069, 0.962510109, 0.336402923, 0.903435111, 0.265778244)}) tween1:Play() tablesorting(part1, tween1)
		tween5 = ts:Create(part5, TweenInfo.new(0.01666666567325592, Enum.EasingStyle.Linear, Enum.EasingDirection.In, 0, false, 0), {C0 = CFrame.new(-1.00183678, -0.799491465, -0.0798378587, 0.317740858, 0.142345101, -0.937431931, 0.469637722, 0.835247159, 0.286011606, 0.823699713, -0.53113097, 0.198541522)}) tween5:Play() tablesorting(part5, tween5)
		tween2 = ts:Create(part2, TweenInfo.new(0.01666666567325592, Enum.EasingStyle.Linear, Enum.EasingDirection.In, 0, false, 0), {C0 = CFrame.new(1, 0.5, -1.1920929e-07, -0.65613693, -0.304148972, 0.6906358, 0.424419343, 0.607997894, 0.670974553, -0.623981357, 0.733370364, -0.269843221)}) tween2:Play() tablesorting(part2, tween2)
		tween6 = ts:Create(part6, TweenInfo.new(0.01666666567325592, Enum.EasingStyle.Linear, Enum.EasingDirection.In, 0, false, 0), {C0 = CFrame.new(-2.23517418e-08, 1.00000012, -8.94069672e-08, -0.972032607, -0.134448782, 0.192551732, -0.0977593437, 0.977141142, 0.188781247, -0.213531628, 0.164677799, -0.962956667)}) tween6:Play() tablesorting(part6, tween6)
		tween3 = ts:Create(part3, TweenInfo.new(0.01666666567325592, Enum.EasingStyle.Linear, Enum.EasingDirection.In, 0, false, 0), {C0 = CFrame.new(-1, 0.5, 0, -0.519303322, 0.444193453, -0.730079651, -0.232887954, 0.748412967, 0.62100023, 0.82224524, 0.492514223, -0.285206079)}) tween3:Play() tablesorting(part3, tween3)
		tween4 = ts:Create(part4, TweenInfo.new(0.01666666567325592, Enum.EasingStyle.Linear, Enum.EasingDirection.In, 0, false, 0), {C0 = CFrame.new(0.999362409, -0.930503845, -0.0276688784, -0.0172586702, -0.0892132595, 0.99586302, 0.189087808, 0.977746844, 0.0908673033, -0.981808484, 0.189873815, -5.47338277e-06)}) tween4:Play() tablesorting(part4, tween4)
		task.wait()

		if afterframe() then
			return
		end

		--4, 0.05000000074505806
		tween1 = ts:Create(part1, TweenInfo.new(0.01666666939854622, Enum.EasingStyle.Linear, Enum.EasingDirection.In, 0, false, 0), {C0 = CFrame.new(-9.10460949e-06, -0.605945349, 0.438896894, -0.940789759, 0.332298338, 0.0670257881, -0.0400273353, -0.305232018, 0.9514364, 0.336619139, 0.892418802, 0.30046019)}) tween1:Play() tablesorting(part1, tween1)
		tween5 = ts:Create(part5, TweenInfo.new(0.01666666939854622, Enum.EasingStyle.Linear, Enum.EasingDirection.In, 0, false, 0), {C0 = CFrame.new(-1.00225282, -0.754086614, -0.0979169607, 0.380790144, 0.0929502845, -0.919977725, 0.505718231, 0.812007248, 0.291364461, 0.774111032, -0.57619822, 0.262197703)}) tween5:Play() tablesorting(part5, tween5)
		tween2 = ts:Create(part2, TweenInfo.new(0.01666666939854622, Enum.EasingStyle.Linear, Enum.EasingDirection.In, 0, false, 0), {C0 = CFrame.new(0.99999994, 0.5, 5.96046448e-08, -0.65613687, -0.304148912, 0.6906358, 0.424419224, 0.607997894, 0.670974493, -0.623981357, 0.733370245, -0.269843161)}) tween2:Play() tablesorting(part2, tween2)
		tween6 = ts:Create(part6, TweenInfo.new(0.01666666939854622, Enum.EasingStyle.Linear, Enum.EasingDirection.In, 0, false, 0), {C0 = CFrame.new(-2.23517418e-08, 1.00000012, -1.1920929e-07, -0.972032607, -0.118837982, 0.202559099, -0.0977593511, 0.988989532, 0.111099467, -0.213531643, 0.0881902575, -0.972947538)}) tween6:Play() tablesorting(part6, tween6)
		tween3 = ts:Create(part3, TweenInfo.new(0.01666666939854622, Enum.EasingStyle.Linear, Enum.EasingDirection.In, 0, false, 0), {C0 = CFrame.new(-1, 0.5, 0, -0.475291431, 0.533813775, -0.69938612, -0.147019953, 0.735548317, 0.661327302, 0.867457926, 0.417146891, -0.271118581)}) tween3:Play() tablesorting(part3, tween3)
		tween4 = ts:Create(part4, TweenInfo.new(0.01666666939854622, Enum.EasingStyle.Linear, Enum.EasingDirection.In, 0, false, 0), {C0 = CFrame.new(0.999217987, -0.91476655, -0.0339344293, -0.0211545341, -0.109338768, 0.993779421, 0.188735217, 0.975692809, 0.111366428, -0.981800139, 0.189917088, -4.25241888e-06)}) tween4:Play() tablesorting(part4, tween4)
		task.wait()

		if afterframe() then
			return
		end

		--5, 0.06666667014360428
		tween1 = ts:Create(part1, TweenInfo.new(0.01666666567325592, Enum.EasingStyle.Linear, Enum.EasingDirection.In, 0, false, 0), {C0 = CFrame.new(-1.18464231e-05, -0.675604939, 0.521428406, -0.940725267, 0.330267936, 0.077194877, -0.0401178822, -0.334353149, 0.941593587, 0.336788505, 0.882683992, 0.327784121)}) tween1:Play() tablesorting(part1, tween1)
		tween5 = ts:Create(part5, TweenInfo.new(0.01666666567325592, Enum.EasingStyle.Linear, Enum.EasingDirection.In, 0, false, 0), {C0 = CFrame.new(-1.00258434, -0.717895329, -0.112327516, 0.427847624, 0.051151678, -0.902402341, 0.533077776, 0.791985452, 0.297636032, 0.729914069, -0.60839349, 0.311581254)}) tween5:Play() tablesorting(part5, tween5)
		tween2 = ts:Create(part2, TweenInfo.new(0.01666666567325592, Enum.EasingStyle.Linear, Enum.EasingDirection.In, 0, false, 0), {C0 = CFrame.new(1, 0.5, -5.96046448e-08, -0.65613687, -0.304148912, 0.6906358, 0.424419284, 0.607997894, 0.670974553, -0.623981357, 0.733370304, -0.269843191)}) tween2:Play() tablesorting(part2, tween2)
		tween6 = ts:Create(part6, TweenInfo.new(0.01666666567325592, Enum.EasingStyle.Linear, Enum.EasingDirection.In, 0, false, 0), {C0 = CFrame.new(-2.23517418e-08, 1.00000012, -5.96046448e-08, -0.972032607, -0.117066547, 0.203587994, -0.0977593511, 0.989920914, 0.102468349, -0.213531628, 0.079699941, -0.973679721)}) tween6:Play() tablesorting(part6, tween6)
		tween3 = ts:Create(part3, TweenInfo.new(0.01666666567325592, Enum.EasingStyle.Linear, Enum.EasingDirection.In, 0, false, 0), {C0 = CFrame.new(-1, 0.5, 2.98023224e-08, -0.433363259, 0.600393474, -0.67210412, -0.0796052068, 0.717355251, 0.692144811, 0.897696674, 0.3534531, -0.263080955)}) tween3:Play() tablesorting(part3, tween3)
		tween4 = ts:Create(part4, TweenInfo.new(0.01666666567325592, Enum.EasingStyle.Linear, Enum.EasingDirection.In, 0, false, 0), {C0 = CFrame.new(0.99910295, -0.902222693, -0.0389285833, -0.0242541507, -0.12534754, 0.991816401, 0.188396767, 0.973758876, 0.127672508, -0.981793463, 0.189951584, -2.62819231e-06)}) tween4:Play() tablesorting(part4, tween4)
		task.wait()

		if afterframe() then
			return
		end

		--6, 0.0833333358168602
		tween1 = ts:Create(part1, TweenInfo.new(0.01666666567325592, Enum.EasingStyle.Linear, Enum.EasingDirection.In, 0, false, 0), {C0 = CFrame.new(-1.39474869e-05, -0.729266167, 0.585005164, -0.940676093, 0.328491062, 0.0849830881, -0.0401914045, -0.356571615, 0.933403075, 0.336917132, 0.874614358, 0.348620892)}) tween1:Play() tablesorting(part1, tween1)
		tween5 = ts:Create(part5, TweenInfo.new(0.01666666567325592, Enum.EasingStyle.Linear, Enum.EasingDirection.In, 0, false, 0), {C0 = CFrame.new(-1.00283968, -0.690015912, -0.123428434, 0.461985558, 0.0176403672, -0.886712015, 0.553204, 0.775730431, 0.303657174, 0.693206072, -0.630817831, 0.348617524)}) tween5:Play() tablesorting(part5, tween5)
		tween2 = ts:Create(part2, TweenInfo.new(0.01666666567325592, Enum.EasingStyle.Linear, Enum.EasingDirection.In, 0, false, 0), {C0 = CFrame.new(1, 0.5, -5.96046448e-08, -0.65613687, -0.304148912, 0.6906358, 0.424419284, 0.607997894, 0.670974553, -0.623981357, 0.733370304, -0.269843191)}) tween2:Play() tablesorting(part2, tween2)
		tween6 = ts:Create(part6, TweenInfo.new(0.01666666567325592, Enum.EasingStyle.Linear, Enum.EasingDirection.In, 0, false, 0), {C0 = CFrame.new(-2.23517418e-08, 1.00000012, -5.96046448e-08, -0.972032607, -0.123371631, 0.19983016, -0.0977593511, 0.986235261, 0.133354008, -0.213531643, 0.110089168, -0.970713496)}) tween6:Play() tablesorting(part6, tween6)
		tween3 = ts:Create(part3, TweenInfo.new(0.01666666567325592, Enum.EasingStyle.Linear, Enum.EasingDirection.In, 0, false, 0), {C0 = CFrame.new(-1, 0.5, 2.98023224e-08, -0.397175074, 0.648334503, -0.649549305, -0.0287093669, 0.698644578, 0.714892626, 0.917293668, 0.302585721, -0.258870959)}) tween3:Play() tablesorting(part3, tween3)
		tween4 = ts:Create(part4, TweenInfo.new(0.01666666567325592, Enum.EasingStyle.Linear, Enum.EasingDirection.In, 0, false, 0), {C0 = CFrame.new(0.999014258, -0.892559767, -0.04277578, -0.0266378522, -0.137656704, 0.990121782, 0.188101307, 0.972090006, 0.140210345, -0.981788337, 0.189978108, -9.84407961e-07)}) tween4:Play() tablesorting(part4, tween4)
		task.wait()

		if afterframe() then
			return
		end

		--7, 0.10000000149011612
		tween1 = ts:Create(part1, TweenInfo.new(0.01666666567325592, Enum.EasingStyle.Linear, Enum.EasingDirection.In, 0, false, 0), {C0 = CFrame.new(-1.54972076e-05, -0.768663883, 0.631682873, -0.940640271, 0.327069223, 0.0906731635, -0.0402474366, -0.372757345, 0.927055657, 0.337010443, 0.868376493, 0.363794297)}) tween1:Play() tablesorting(part1, tween1)
		tween5 = ts:Create(part5, TweenInfo.new(0.01666666567325592, Enum.EasingStyle.Linear, Enum.EasingDirection.In, 0, false, 0), {C0 = CFrame.new(-1.0030272, -0.669547081, -0.131578624, 0.485807866, -0.00762115419, -0.874032438, 0.567412376, 0.763368964, 0.30872494, 0.664856374, -0.645917773, 0.375174969)}) tween5:Play() tablesorting(part5, tween5)
		tween2 = ts:Create(part2, TweenInfo.new(0.01666666567325592, Enum.EasingStyle.Linear, Enum.EasingDirection.In, 0, false, 0), {C0 = CFrame.new(1, 0.5, -5.96046448e-08, -0.65613687, -0.304148912, 0.6906358, 0.424419284, 0.607997894, 0.670974553, -0.623981357, 0.733370304, -0.269843191)}) tween2:Play() tablesorting(part2, tween2)
		tween6 = ts:Create(part6, TweenInfo.new(0.01666666567325592, Enum.EasingStyle.Linear, Enum.EasingDirection.In, 0, false, 0), {C0 = CFrame.new(-2.23517418e-08, 1.00000012, -8.94069672e-08, -0.972032607, -0.131450266, 0.194611102, -0.0977593586, 0.979948044, 0.17362377, -0.213531643, 0.149742901, -0.965391874)}) tween6:Play() tablesorting(part6, tween6)
		tween3 = ts:Create(part3, TweenInfo.new(0.01666666567325592, Enum.EasingStyle.Linear, Enum.EasingDirection.In, 0, false, 0), {C0 = CFrame.new(-1.00000012, 0.50000006, 2.98023224e-08, -0.368572652, 0.681513608, -0.632213295, 0.00791060925, 0.682367265, 0.730966866, 0.92956531, 0.264413118, -0.256893098)}) tween3:Play() tablesorting(part3, tween3)
		tween4 = ts:Create(part4, TweenInfo.new(0.01666666567325592, Enum.EasingStyle.Linear, Enum.EasingDirection.In, 0, false, 0), {C0 = CFrame.new(0.99894923, -0.885465264, -0.04560031, -0.0283854734, -0.146680057, 0.988776624, 0.187865242, 0.970765591, 0.149401397, -0.981784523, 0.189997599, 4.39584255e-07)}) tween4:Play() tablesorting(part4, tween4)
		task.wait()

		if afterframe() then
			return
		end

		--8, 0.11666666716337204
		tween1 = ts:Create(part1, TweenInfo.new(0.016666673123836517, Enum.EasingStyle.Linear, Enum.EasingDirection.In, 0, false, 0), {C0 = CFrame.new(-1.66296959e-05, -0.795533061, 0.663516998, -0.940616012, 0.326042742, 0.0945391953, -0.0402866341, -0.383731455, 0.922565579, 0.337073475, 0.863971233, 0.374079138)}) tween1:Play() tablesorting(part1, tween1)
		tween5 = ts:Create(part5, TweenInfo.new(0.016666673123836517, Enum.EasingStyle.Linear, Enum.EasingDirection.In, 0, false, 0), {C0 = CFrame.new(-1.00315511, -0.655587256, -0.137137204, 0.501427352, -0.0251434743, -0.864834309, 0.576812088, 0.754743338, 0.312490433, 0.644870877, -0.655538142, 0.392952025)}) tween5:Play() tablesorting(part5, tween5)
		tween2 = ts:Create(part2, TweenInfo.new(0.016666673123836517, Enum.EasingStyle.Linear, Enum.EasingDirection.In, 0, false, 0), {C0 = CFrame.new(1, 0.5, -5.96046448e-08, -0.65613687, -0.304148912, 0.6906358, 0.424419284, 0.607997894, 0.670974553, -0.623981357, 0.733370304, -0.269843191)}) tween2:Play() tablesorting(part2, tween2)
		tween6 = ts:Create(part6, TweenInfo.new(0.016666673123836517, Enum.EasingStyle.Linear, Enum.EasingDirection.In, 0, false, 0), {C0 = CFrame.new(-2.23517418e-08, 1.00000012, -2.98023224e-08, -0.972032607, -0.135388985, 0.191891775, -0.0977592841, 0.976206124, 0.193558574, -0.213531643, 0.169386059, -0.962139726)}) tween6:Play() tablesorting(part6, tween6)
		tween3 = ts:Create(part3, TweenInfo.new(0.016666673123836517, Enum.EasingStyle.Linear, Enum.EasingDirection.In, 0, false, 0), {C0 = CFrame.new(-1, 0.49999997, 0, -0.34812507, 0.703105509, -0.620041668, 0.0324615389, 0.670059025, 0.741597712, 0.936885953, 0.238041267, -0.256088227)}) tween3:Play() tablesorting(part3, tween3)
		tween4 = ts:Create(part4, TweenInfo.new(0.016666673123836517, Enum.EasingStyle.Linear, Enum.EasingDirection.In, 0, false, 0), {C0 = CFrame.new(0.998904765, -0.880626798, -0.0475267023, -0.0295760557, -0.152826741, 0.987810373, 0.187694922, 0.96981436, 0.155662313, -0.981782019, 0.190010861, 1.51712447e-06)}) tween4:Play() tablesorting(part4, tween4)
		task.wait()

		if afterframe() then
			return
		end

		--9, 0.13333334028720856
		tween1 = ts:Create(part1, TweenInfo.new(0.01666666567325592, Enum.EasingStyle.Linear, Enum.EasingDirection.In, 0, false, 0), {C0 = CFrame.new(-1.72555447e-05, -0.811608851, 0.682563305, -0.940601587, 0.325406671, 0.0968463123, -0.0403104722, -0.390271544, 0.919816971, 0.337110937, 0.861277342, 0.3802073)}) tween1:Play() tablesorting(part1, tween1)
		tween5 = ts:Create(part5, TweenInfo.new(0.01666666567325592, Enum.EasingStyle.Linear, Enum.EasingDirection.In, 0, false, 0), {C0 = CFrame.new(-1.00323153, -0.647235155, -0.140462756, 0.510522962, -0.0357340425, -0.859121323, 0.582319558, 0.749510586, 0.314861715, 0.63266927, -0.661027253, 0.403450996)}) tween5:Play() tablesorting(part5, tween5)
		tween2 = ts:Create(part2, TweenInfo.new(0.01666666567325592, Enum.EasingStyle.Linear, Enum.EasingDirection.In, 0, false, 0), {C0 = CFrame.new(1, 0.5, -5.96046448e-08, -0.65613687, -0.304148912, 0.6906358, 0.424419284, 0.607997894, 0.670974553, -0.623981357, 0.733370304, -0.269843191)}) tween2:Play() tablesorting(part2, tween2)
		tween6 = ts:Create(part6, TweenInfo.new(0.01666666567325592, Enum.EasingStyle.Linear, Enum.EasingDirection.In, 0, false, 0), {C0 = CFrame.new(-2.23517418e-08, 1.00000012, -1.1920929e-07, -0.985543549, -0.137562782, 0.0988960713, -0.0778896064, 0.886267364, 0.456578165, -0.150456518, 0.44227469, -0.884169757)}) tween6:Play() tablesorting(part6, tween6)
		tween3 = ts:Create(part3, TweenInfo.new(0.01666666567325592, Enum.EasingStyle.Linear, Enum.EasingDirection.In, 0, false, 0), {C0 = CFrame.new(-1, 0.5, 5.96046448e-08, -0.335539758, 0.71560818, -0.612632096, 0.0469700098, 0.662234724, 0.747822821, 0.940854311, 0.222148925, -0.255818188)}) tween3:Play() tablesorting(part3, tween3)
		tween4 = ts:Create(part4, TweenInfo.new(0.01666666567325592, Enum.EasingStyle.Linear, Enum.EasingDirection.In, 0, false, 0), {C0 = CFrame.new(0.99887836, -0.87773186, -0.0486792028, -0.0302878618, -0.156501397, 0.987213194, 0.187589437, 0.969226539, 0.159405276, -0.98178041, 0.190018833, 2.20257789e-06)}) tween4:Play() tablesorting(part4, tween4)
		task.wait()

		if afterframe() then
			return
		end

		--10, 0.15000000596046448
		tween1 = ts:Create(part1, TweenInfo.new(0.01666666567325592, Enum.EasingStyle.Linear, Enum.EasingDirection.In, 0, false, 0), {C0 = CFrame.new(-1.75535679e-05, -0.818626165, 0.690877318, -0.940595269, 0.325123936, 0.0978520066, -0.0403209813, -0.393120289, 0.918602586, 0.337127298, 0.860087752, 0.382876396)}) tween1:Play() tablesorting(part1, tween1)
		tween5 = ts:Create(part5, TweenInfo.new(0.01666666567325592, Enum.EasingStyle.Linear, Enum.EasingDirection.In, 0, false, 0), {C0 = CFrame.new(-1.00326502, -0.643589377, -0.141914397, 0.514433861, -0.0403811187, -0.856578767, 0.584695756, 0.747209966, 0.315924346, 0.627286792, -0.663360178, 0.408000767)}) tween5:Play() tablesorting(part5, tween5)
		tween2 = ts:Create(part2, TweenInfo.new(0.01666666567325592, Enum.EasingStyle.Linear, Enum.EasingDirection.In, 0, false, 0), {C0 = CFrame.new(0.99999994, 0.5, 5.96046448e-08, -0.65613687, -0.304148912, 0.6906358, 0.424419224, 0.607997894, 0.670974493, -0.623981357, 0.733370245, -0.269843161)}) tween2:Play() tablesorting(part2, tween2)
		tween6 = ts:Create(part6, TweenInfo.new(0.01666666567325592, Enum.EasingStyle.Linear, Enum.EasingDirection.In, 0, false, 0), {C0 = CFrame.new(-2.04890966e-08, 0.99999994, 0, -0.991964996, -0.122255012, 0.0325451717, -0.0750500634, 0.775745571, 0.626567185, -0.101847753, 0.619090199, -0.778687656)}) tween6:Play() tablesorting(part6, tween6)
		tween3 = ts:Create(part3, TweenInfo.new(0.01666666567325592, Enum.EasingStyle.Linear, Enum.EasingDirection.In, 0, false, 0), {C0 = CFrame.new(-1, 0.5, 4.47034836e-08, -0.329965472, 0.72096616, -0.60936904, 0.0532586202, 0.658712566, 0.750507414, 0.942489445, 0.215187341, -0.25575006)}) tween3:Play() tablesorting(part3, tween3)
		tween4 = ts:Create(part4, TweenInfo.new(0.01666666567325592, Enum.EasingStyle.Linear, Enum.EasingDirection.In, 0, false, 0), {C0 = CFrame.new(0.998866677, -0.87646836, -0.0491822958, -0.0305984393, -0.158104688, 0.986948133, 0.187542498, 0.96896565, 0.161038369, -0.981779814, 0.19002223, 2.51270831e-06)}) tween4:Play() tablesorting(part4, tween4)
		task.wait()

		if afterframe() then
			return
		end

		--11, 0.1666666716337204
		tween1 = ts:Create(part1, TweenInfo.new(0.01666666567325592, Enum.EasingStyle.Linear, Enum.EasingDirection.In, 0, false, 0), {C0 = CFrame.new(-1.74939632e-05, -0.818319917, 0.690514684, -0.940595508, 0.325136334, 0.0978081375, -0.0403205156, -0.392996073, 0.918655694, 0.337126583, 0.860139787, 0.382759988)}) tween1:Play() tablesorting(part1, tween1)
		tween5 = ts:Create(part5, TweenInfo.new(0.01666666567325592, Enum.EasingStyle.Linear, Enum.EasingDirection.In, 0, false, 0), {C0 = CFrame.new(-1.00326359, -0.643748403, -0.141851157, 0.514264047, -0.040178135, -0.856690228, 0.584592402, 0.747310519, 0.315877676, 0.62752229, -0.663259089, 0.40780279)}) tween5:Play() tablesorting(part5, tween5)
		tween2 = ts:Create(part2, TweenInfo.new(0.01666666567325592, Enum.EasingStyle.Linear, Enum.EasingDirection.In, 0, false, 0), {C0 = CFrame.new(1, 0.5, -5.96046448e-08, -0.65613687, -0.304148912, 0.6906358, 0.424419284, 0.607997894, 0.670974553, -0.623981357, 0.733370304, -0.269843191)}) tween2:Play() tablesorting(part2, tween2)
		tween6 = ts:Create(part6, TweenInfo.new(0.01666666567325592, Enum.EasingStyle.Linear, Enum.EasingDirection.In, 0, false, 0), {C0 = CFrame.new(-1.62981451e-08, 0.999999881, 5.96046448e-08, -0.994512081, -0.104131907, -0.0101101846, -0.0787941441, 0.681922793, 0.727167547, -0.0688269883, 0.723973572, -0.686385512)}) tween6:Play() tablesorting(part6, tween6)
		tween3 = ts:Create(part3, TweenInfo.new(0.01666666567325592, Enum.EasingStyle.Linear, Enum.EasingDirection.In, 0, false, 0), {C0 = CFrame.new(-1, 0.50000006, 1.49011612e-08, -0.330209643, 0.720733702, -0.609511733, 0.0529849008, 0.658867538, 0.750390708, 0.94241935, 0.215491325, -0.255752414)}) tween3:Play() tablesorting(part3, tween3)
		tween4 = ts:Create(part4, TweenInfo.new(0.01666666567325592, Enum.EasingStyle.Linear, Enum.EasingDirection.In, 0, false, 0), {C0 = CFrame.new(0.998867154, -0.876523435, -0.0491603762, -0.0305848941, -0.158034772, 0.986959815, 0.187544569, 0.968977094, 0.160967141, -0.981779814, 0.190022096, 2.49780715e-06)}) tween4:Play() tablesorting(part4, tween4)
		task.wait()

		if afterframe() then
			return
		end

		--12, 0.18333333730697632
		tween1 = ts:Create(part1, TweenInfo.new(0.01666666567325592, Enum.EasingStyle.Linear, Enum.EasingDirection.In, 0, false, 0), {C0 = CFrame.new(-1.72257423e-05, -0.812425673, 0.683531046, -0.940600812, 0.325374007, 0.0969634354, -0.040311709, -0.390603393, 0.919676065, 0.337112904, 0.861139238, 0.380518228)}) tween1:Play() tablesorting(part1, tween1)
		tween5 = ts:Create(part5, TweenInfo.new(0.01666666567325592, Enum.EasingStyle.Linear, Enum.EasingDirection.In, 0, false, 0), {C0 = CFrame.new(-1.00323546, -0.646810889, -0.140631735, 0.510980129, -0.0362742096, -0.858826876, 0.582597077, 0.749243259, 0.31498462, 0.632044435, -0.661300838, 0.403981656)}) tween5:Play() tablesorting(part5, tween5)
		tween2 = ts:Create(part2, TweenInfo.new(0.01666666567325592, Enum.EasingStyle.Linear, Enum.EasingDirection.In, 0, false, 0), {C0 = CFrame.new(1, 0.5, -5.96046448e-08, -0.65613687, -0.304148912, 0.6906358, 0.424419284, 0.607997894, 0.670974553, -0.623981357, 0.733370304, -0.269843191)}) tween2:Play() tablesorting(part2, tween2)
		tween6 = ts:Create(part6, TweenInfo.new(0.01666666567325592, Enum.EasingStyle.Linear, Enum.EasingDirection.In, 0, false, 0), {C0 = CFrame.new(-1.3038516e-08, 0.999999881, 0, -0.995315015, -0.0902922675, -0.0345730819, -0.083258763, 0.618640721, 0.78125, -0.0491525158, 0.780468404, -0.623260081)}) tween6:Play() tablesorting(part6, tween6)
		tween3 = ts:Create(part3, TweenInfo.new(0.01666666567325592, Enum.EasingStyle.Linear, Enum.EasingDirection.In, 0, false, 0), {C0 = CFrame.new(-1, 0.49999997, 0, -0.334893435, 0.716234982, -0.612253189, 0.0477033779, 0.661828101, 0.748136342, 0.941047728, 0.221339375, -0.255808741)}) tween3:Play() tablesorting(part3, tween3)
		tween4 = ts:Create(part4, TweenInfo.new(0.01666666567325592, Enum.EasingStyle.Linear, Enum.EasingDirection.In, 0, false, 0), {C0 = CFrame.new(0.998876929, -0.877584934, -0.0487377644, -0.030324012, -0.156688035, 0.987182558, 0.187583998, 0.969196379, 0.15959537, -0.98178041, 0.190019205, 2.23796815e-06)}) tween4:Play() tablesorting(part4, tween4)
		task.wait()

		if afterframe() then
			return
		end

		--13, 0.20000000298023224
		tween1 = ts:Create(part1, TweenInfo.new(0.01666666567325592, Enum.EasingStyle.Linear, Enum.EasingDirection.In, 0, false, 0), {C0 = CFrame.new(-1.68383121e-05, -0.802677751, 0.67198199, -0.940609574, 0.325762123, 0.0955651477, -0.0402972028, -0.386640579, 0.921349704, 0.337090164, 0.862779319, 0.376805156)}) tween1:Play() tablesorting(part1, tween1)
		tween5 = ts:Create(part5, TweenInfo.new(0.01666666567325592, Enum.EasingStyle.Linear, Enum.EasingDirection.In, 0, false, 0), {C0 = CFrame.new(-1.00318909, -0.651875317, -0.138615191, 0.505493045, -0.029840678, -0.862314522, 0.57927072, 0.75242424, 0.313533425, 0.639470339, -0.658002496, 0.397631109)}) tween5:Play() tablesorting(part5, tween5)
		tween2 = ts:Create(part2, TweenInfo.new(0.01666666567325592, Enum.EasingStyle.Linear, Enum.EasingDirection.In, 0, false, 0), {C0 = CFrame.new(1, 0.5, -5.96046448e-08, -0.65613687, -0.304148912, 0.6906358, 0.424419284, 0.607997894, 0.670974553, -0.623981357, 0.733370304, -0.269843191)}) tween2:Play() tablesorting(part2, tween2)
		tween6 = ts:Create(part6, TweenInfo.new(0.01666666567325592, Enum.EasingStyle.Linear, Enum.EasingDirection.In, 0, false, 0), {C0 = CFrame.new(-2.23517418e-08, 0.999999881, 2.98023224e-08, -0.995499969, -0.0828978196, -0.0459104106, -0.0859872624, 0.586617172, 0.805286646, -0.0398246795, 0.805610538, -0.591105521)}) tween6:Play() tablesorting(part6, tween6)
		tween3 = ts:Create(part3, TweenInfo.new(0.01666666567325592, Enum.EasingStyle.Linear, Enum.EasingDirection.In, 0, false, 0), {C0 = CFrame.new(-1, 0.50000006, 5.96046448e-08, -0.342563689, 0.708701193, -0.616759896, 0.0389269516, 0.666623712, 0.744377315, 0.938687801, 0.230987996, -0.255948663)}) tween3:Play() tablesorting(part3, tween3)
		tween4 = ts:Create(part4, TweenInfo.new(0.01666666567325592, Enum.EasingStyle.Linear, Enum.EasingDirection.In, 0, false, 0), {C0 = CFrame.new(0.998893023, -0.879340231, -0.0480389148, -0.0298924595, -0.154460177, 0.987546682, 0.187648356, 0.969554842, 0.157326117, -0.981781304, 0.190014392, 1.81887299e-06)}) tween4:Play() tablesorting(part4, tween4)
		task.wait()

		if afterframe() then
			return
		end

		--14, 0.21666666865348816
		tween1 = ts:Create(part1, TweenInfo.new(0.01666666567325592, Enum.EasingStyle.Linear, Enum.EasingDirection.In, 0, false, 0), {C0 = CFrame.new(-1.6450882e-05, -0.790811658, 0.657923222, -0.940620244, 0.326226413, 0.0938607529, -0.0402796939, -0.381807059, 0.923363924, 0.337062418, 0.86475414, 0.37227574)}) tween1:Play() tablesorting(part1, tween1)
		tween5 = ts:Create(part5, TweenInfo.new(0.01666666567325592, Enum.EasingStyle.Linear, Enum.EasingDirection.In, 0, false, 0), {C0 = CFrame.new(-1.0031327, -0.658040226, -0.136160433, 0.498720288, -0.0220479965, -0.866482496, 0.575177848, 0.756270111, 0.311810762, 0.648420036, -0.653887928, 0.389848769)}) tween5:Play() tablesorting(part5, tween5)
		tween2 = ts:Create(part2, TweenInfo.new(0.01666666567325592, Enum.EasingStyle.Linear, Enum.EasingDirection.In, 0, false, 0), {C0 = CFrame.new(1, 0.5, -5.96046448e-08, -0.65613687, -0.304148912, 0.6906358, 0.424419284, 0.607997894, 0.670974553, -0.623981357, 0.733370304, -0.269843191)}) tween2:Play() tablesorting(part2, tween2)
		tween6 = ts:Create(part6, TweenInfo.new(0.01666666567325592, Enum.EasingStyle.Linear, Enum.EasingDirection.In, 0, false, 0), {C0 = CFrame.new(-1.49011612e-08, 0.999999881, 5.96046448e-08, -0.995521069, -0.0813739449, -0.0481259823, -0.0865735114, 0.58014226, 0.809901237, -0.0379849449, 0.810440183, -0.584588647)}) tween6:Play() tablesorting(part6, tween6)
		tween3 = ts:Create(part3, TweenInfo.new(0.01666666567325592, Enum.EasingStyle.Linear, Enum.EasingDirection.In, 0, false, 0), {C0 = CFrame.new(-1, 0.49999997, 1.49011612e-08, -0.351771861, 0.69937396, -0.622199893, 0.028174229, 0.672291756, 0.739750028, 0.935661674, 0.242693216, -0.256197661)}) tween3:Play() tablesorting(part3, tween3)
		tween4 = ts:Create(part4, TweenInfo.new(0.01666666567325592, Enum.EasingStyle.Linear, Enum.EasingDirection.In, 0, false, 0), {C0 = CFrame.new(0.998912632, -0.881476939, -0.0471881926, -0.0293669272, -0.151747093, 0.987982988, 0.187725395, 0.969984293, 0.154562607, -0.981782436, 0.190008521, 1.32061541e-06)}) tween4:Play() tablesorting(part4, tween4)
		task.wait()

		if afterframe() then
			return
		end

		--15, 0.23333333432674408
		tween1 = ts:Create(part1, TweenInfo.new(0.01666666567325592, Enum.EasingStyle.Linear, Enum.EasingDirection.In, 0, false, 0), {C0 = CFrame.new(-1.58846378e-05, -0.778562069, 0.643410325, -0.94063127, 0.326696426, 0.0920987874, -0.0402617864, -0.376806319, 0.925416648, 0.337033719, 0.866767824, 0.367589235)}) tween1:Play() tablesorting(part1, tween1)
		tween5 = ts:Create(part5, TweenInfo.new(0.01666666567325592, Enum.EasingStyle.Linear, Enum.EasingDirection.In, 0, false, 0), {C0 = CFrame.new(-1.00307441, -0.664404392, -0.133626372, 0.491621971, -0.0140494555, -0.870695353, 0.570903122, 0.760209203, 0.310083151, 0.65755415, -0.649526417, 0.381756485)}) tween5:Play() tablesorting(part5, tween5)
		tween2 = ts:Create(part2, TweenInfo.new(0.01666666567325592, Enum.EasingStyle.Linear, Enum.EasingDirection.In, 0, false, 0), {C0 = CFrame.new(1, 0.5, -5.96046448e-08, -0.65613687, -0.304148912, 0.6906358, 0.424419284, 0.607997894, 0.670974553, -0.623981357, 0.733370304, -0.269843191)}) tween2:Play() tablesorting(part2, tween2)
		tween6 = ts:Create(part6, TweenInfo.new(0.01666666567325592, Enum.EasingStyle.Linear, Enum.EasingDirection.In, 0, false, 0), {C0 = CFrame.new(-1.86264515e-08, 0.999999821, 8.94069672e-08, -0.995483637, -0.0838686973, -0.0444784723, -0.0856178254, 0.59076333, 0.802289367, -0.0410107188, 0.802474141, -0.595275879)}) tween6:Play() tablesorting(part6, tween6)
		tween3 = ts:Create(part3, TweenInfo.new(0.01666666567325592, Enum.EasingStyle.Linear, Enum.EasingDirection.In, 0, false, 0), {C0 = CFrame.new(-0.999999881, 0.5, 8.94069672e-08, -0.361126781, 0.689567506, -0.627761126, 0.0169972181, 0.677945793, 0.734915316, 0.932361782, 0.254727393, -0.256545126)}) tween3:Play() tablesorting(part3, tween3)
		tween4 = ts:Create(part4, TweenInfo.new(0.01666666567325592, Enum.EasingStyle.Linear, Enum.EasingDirection.In, 0, false, 0), {C0 = CFrame.new(0.998932898, -0.883682907, -0.0463099778, -0.0288242009, -0.148945153, 0.988425255, 0.187803403, 0.970419705, 0.151708573, -0.981783569, 0.190002516, 8.27014446e-07)}) tween4:Play() tablesorting(part4, tween4)
		task.wait()

		if afterframe() then
			return
		end

		--16, 0.25
		tween1 = ts:Create(part1, TweenInfo.new(0.016666680574417114, Enum.EasingStyle.Linear, Enum.EasingDirection.In, 0, false, 0), {C0 = CFrame.new(-1.54674053e-05, -0.767664433, 0.630498886, -0.940641165, 0.327106476, 0.0905291289, -0.0402459912, -0.37234813, 0.927220106, 0.337008059, 0.868538022, 0.363410711)}) tween1:Play() tablesorting(part1, tween1)
		tween5 = ts:Create(part5, TweenInfo.new(0.016666680574417114, Enum.EasingStyle.Linear, Enum.EasingDirection.In, 0, false, 0), {C0 = CFrame.new(-1.00302243, -0.670066297, -0.131371856, 0.485217035, -0.00697390735, -0.874365985, 0.567058265, 0.763686717, 0.308589756, 0.665589571, -0.645549476, 0.37450844)}) tween5:Play() tablesorting(part5, tween5)
		tween2 = ts:Create(part2, TweenInfo.new(0.016666680574417114, Enum.EasingStyle.Linear, Enum.EasingDirection.In, 0, false, 0), {C0 = CFrame.new(1, 0.5, -5.96046448e-08, -0.65613687, -0.304148912, 0.6906358, 0.424419284, 0.607997894, 0.670974553, -0.623981357, 0.733370304, -0.269843191)}) tween2:Play() tablesorting(part2, tween2)
		tween6 = ts:Create(part6, TweenInfo.new(0.016666680574417114, Enum.EasingStyle.Linear, Enum.EasingDirection.In, 0, false, 0), {C0 = CFrame.new(-2.23517418e-08, 0.999999881, 2.98023224e-08, -0.99538368, -0.0881450847, -0.0379712656, -0.0840301216, 0.609232485, 0.788526952, -0.0463714525, 0.788077593, -0.613826931)}) tween6:Play() tablesorting(part6, tween6)
		tween3 = ts:Create(part3, TweenInfo.new(0.016666680574417114, Enum.EasingStyle.Linear, Enum.EasingDirection.In, 0, false, 0), {C0 = CFrame.new(-1, 0.5, 0, -0.369318634, 0.680693865, -0.632660806, 0.00699049234, 0.682806432, 0.730565906, 0.929276586, 0.265388995, -0.256931514)}) tween3:Play() tablesorting(part3, tween3)
		tween4 = ts:Create(part4, TweenInfo.new(0.016666680574417114, Enum.EasingStyle.Linear, Enum.EasingDirection.In, 0, false, 0), {C0 = CFrame.new(0.998950839, -0.885645211, -0.0455286801, -0.0283411629, -0.146451294, 0.988811851, 0.187871382, 0.970800281, 0.149168372, -0.981784701, 0.189997032, 4.00468707e-07)}) tween4:Play() tablesorting(part4, tween4)
		task.wait()

		if afterframe() then
			return
		end

		--17, 0.2666666805744171
		tween1 = ts:Create(part1, TweenInfo.new(0.016666650772094727, Enum.EasingStyle.Linear, Enum.EasingDirection.In, 0, false, 0), {C0 = CFrame.new(-1.51693821e-05, -0.759853482, 0.62124455, -0.940648258, 0.327395707, 0.0894028395, -0.0402347445, -0.369147301, 0.928499579, 0.336989611, 0.869794428, 0.360410452)}) tween1:Play() tablesorting(part1, tween1)
		tween5 = ts:Create(part5, TweenInfo.new(0.016666650772094727, Enum.EasingStyle.Linear, Enum.EasingDirection.In, 0, false, 0), {C0 = CFrame.new(-1.00298524, -0.674124479, -0.129756123, 0.480574399, -0.00192634761, -0.876951873, 0.564278424, 0.766163349, 0.307544649, 0.671295881, -0.642643034, 0.369285494)}) tween5:Play() tablesorting(part5, tween5)
		tween2 = ts:Create(part2, TweenInfo.new(0.016666650772094727, Enum.EasingStyle.Linear, Enum.EasingDirection.In, 0, false, 0), {C0 = CFrame.new(1, 0.5, -5.96046448e-08, -0.65613687, -0.304148912, 0.6906358, 0.424419284, 0.607997894, 0.670974553, -0.623981357, 0.733370304, -0.269843191)}) tween2:Play() tablesorting(part2, tween2)
		tween6 = ts:Create(part6, TweenInfo.new(0.016666650772094727, Enum.EasingStyle.Linear, Enum.EasingDirection.In, 0, false, 0), {C0 = CFrame.new(-2.23517418e-08, 0.999999881, 5.96046448e-08, -0.99524802, -0.0920731351, -0.0316834152, -0.0826332122, 0.626517653, 0.77501446, -0.0515078083, 0.773949742, -0.631148815)}) tween6:Play() tablesorting(part6, tween6)
		tween3 = ts:Create(part3, TweenInfo.new(0.016666650772094727, Enum.EasingStyle.Linear, Enum.EasingDirection.In, 0, false, 0), {C0 = CFrame.new(-1, 0.5, 0, -0.375113457, 0.674248159, -0.636144221, -0.000217229128, 0.68619132, 0.727421105, 0.926978886, 0.273003608, -0.25725314)}) tween3:Play() tablesorting(part3, tween3)
		tween4 = ts:Create(part4, TweenInfo.new(0.016666650772094727, Enum.EasingStyle.Linear, Enum.EasingDirection.In, 0, false, 0), {C0 = CFrame.new(0.998963773, -0.887051821, -0.0449686944, -0.0279948488, -0.144663259, 0.98908484, 0.187919438, 0.971069098, 0.147347108, -0.981785417, 0.189993232, 1.04308128e-07)}) tween4:Play() tablesorting(part4, tween4)
		task.wait()

		if afterframe() then
			return
		end

		--18, 0.28333333134651184
