function animation(character)
	local canceldb = false
	local root = character:FindFirstChild("HumanoidRootPart", true)
	local part1 = character["HumanoidRootPart"]["RootJoint"]	
	local part2 = character["Torso"]["Right Shoulder"]
	local part3 = character["Torso"]["Left Shoulder"]
	local part4 = character["Torso"]["Right Hip"]
	local part5 = character["Torso"]["Left Hip"]
	local part6 = character["Torso"]["Neck"]
	local val = 2 --Action
	local tweens = {}
	local function tablesorting(part, tween)
		for i, v in pairs(tweens) do
			if v.Instance == part then
				table.remove(tweens, table.find(tweens, v))
			end
		end
		table.insert(tweens, tween)
	end
	local ts = game:GetService("TweenService")
	local tween1, tween2, tween3, tween4, tween5, tween6

	local priority = root:FindFirstChild("priority")
	if not priority then
		priority = Instance.new("NumberValue", root)
		priority.Name = "priority"
	end

	local anims = root:FindFirstChild("anims")
	if not anims then
		anims = Instance.new("Folder", root)
		anims.Name = "anims"
	end
	local animvalue = anims:FindFirstChild("startup")
	if not animvalue then
		animvalue = Instance.new("BoolValue", anims)
		animvalue.Value = true
		animvalue.Name = "startup"
	end
	animvalue.Value = true

	local function afterframe()
		if canceldb or not character or not part1 then
			return true
		else
			return false
		end
	end

	if afterframe() then
		animvalue.Value = false
		return false
	end
	priority.Value = val
	local connect
	local connect2
	connect = priority.Changed:Connect(function()
		if priority.Value > val then
			for i, v in pairs(tweens) do
				if v and v.PlaybackState == Enum.PlaybackState.Playing then
					v:Cancel()
				end
			end
			canceldb = true
			connect2:Disconnect()
			connect:Disconnect()
		else
			priority.Value = val
		end
	end)
	connect2 = animvalue.Changed:Connect(function()
		if not animvalue.Value then
			for i, v in pairs(tweens) do
				if v and v.PlaybackState == Enum.PlaybackState.Playing then
					v:Cancel()
				end
			end
			canceldb = true
			connect:Disconnect()
			if priority.Value <= val then
				priority.Value = 0
			end
			connect2:Disconnect()
		--smooth transition
		tween1 = ts:Create(part1, TweenInfo.new(0.5), {C0 = CFrame.new(0, 0, 0, -1, 0, 0, 0, 0, 1, 0, 1, -0)}) tween1:Play() tablesorting(part1, tween1)
		tween2 = ts:Create(part2, TweenInfo.new(0.5), {C0 = CFrame.new(1, 0.5, 0, 0, 0, 1, 0, 1, -0, -1, 0, 0)}) tween2:Play() tablesorting(part2, tween2)
		tween3 = ts:Create(part3, TweenInfo.new(0.5), {C0 = CFrame.new(-1, 0.5, 0, 0, 0, -1, 0, 1, 0, 1, 0, 0)}) tween3:Play() tablesorting(part3, tween3)
		tween4 = ts:Create(part4, TweenInfo.new(0.5), {C0 = CFrame.new(1, -1, 0, 0, 0, 1, 0, 1, -0, -1, 0, 0)}) tween4:Play() tablesorting(part4, tween4)
		tween5 = ts:Create(part5, TweenInfo.new(0.5), {C0 = CFrame.new(-1, -1, 0, 0, 0, -1, 0, 1, 0, 1, 0, 0)}) tween5:Play() tablesorting(part5, tween5)
		tween6 = ts:Create(part6, TweenInfo.new(0.5), {C0 = CFrame.new(0, 1, 0, -1, 0, 0, 0, 0, 1, 0, 1, -0)}) tween6:Play() tablesorting(part6, tween6)
		end
	end)
	if true then
		--1, 0
		tween1 = ts:Create(part1, TweenInfo.new(0.11666666716337204, Enum.EasingStyle.Linear, Enum.EasingDirection.In, 0, false, 0), {C0 = CFrame.new(-5.17815351e-07, -0.530005276, 0.131821781, -0.97100842, -0.238533676, -0.0156308692, -0.0457846001, 0.121402144, 0.991547108, -0.234619692, 0.963516176, -0.12880367)}) tween1:Play() tablesorting(part1, tween1)
		tween6 = ts:Create(part6, TweenInfo.new(0.21666666865348816, Enum.EasingStyle.Linear, Enum.EasingDirection.In, 0, false, 0), {C0 = CFrame.new(-4.47034836e-08, 1, -2.98023224e-08, -0.92861706, 0.339879811, -0.148836792, 0.0141350934, 0.43324849, 0.901163757, 0.370770633, 0.834732056, -0.407126039)}) tween6:Play() tablesorting(part6, tween6)
		tween5 = ts:Create(part5, TweenInfo.new(0.28333333134651184, Enum.EasingStyle.Linear, Enum.EasingDirection.In, 0, false, 0), {C0 = CFrame.new(-1.33275473, -0.531394243, -0.364243656, 0.452080488, -0.203865409, -0.868367493, 0.404208988, 0.91465652, -0.00429749489, 0.795134187, -0.349059284, 0.495902479)}) tween5:Play() tablesorting(part5, tween5)
		tween2 = ts:Create(part2, TweenInfo.new(0.13333334028720856, Enum.EasingStyle.Linear, Enum.EasingDirection.In, 0, false, 0), {C0 = CFrame.new(0.880447805, 0.480741054, 0.0762737989, 0.437950611, -0.310047328, 0.843842328, 0.0298155099, 0.943139493, 0.33105737, -0.898504436, -0.119827136, 0.422292739)}) tween2:Play() tablesorting(part2, tween2)
		tween4 = ts:Create(part4, TweenInfo.new(0.28333333134651184, Enum.EasingStyle.Linear, Enum.EasingDirection.In, 0, false, 0), {C0 = CFrame.new(1.10168493, -0.234229684, -0.403711736, -0.00737706572, 0.137595937, 0.990460992, 0.5699296, 0.814445257, -0.108898759, -0.821660459, 0.563689768, -0.0844282284)}) tween4:Play() tablesorting(part4, tween4)
		tween3 = ts:Create(part3, TweenInfo.new(0.11666666716337204, Enum.EasingStyle.Linear, Enum.EasingDirection.In, 0, false, 0), {C0 = CFrame.new(-1, 0.49999997, -5.96046448e-08, -0.328390777, 0.181830719, -0.926874876, -0.524143159, 0.781264484, 0.338968784, 0.785769403, 0.597129345, -0.161254749)}) tween3:Play() tablesorting(part3, tween3)
		task.wait(0.10166666716337204)

		if afterframe() then
			return
		end

		--2, 0.11666666716337204
		tween1 = ts:Create(part1, TweenInfo.new(0.10000000149011612, Enum.EasingStyle.Linear, Enum.EasingDirection.In, 0, false, 0), {C0 = CFrame.new(-7.86036253e-07, -0.976143718, 0.131822109, -0.84748584, -0.530451834, 0.019714294, -0.21566996, 0.378029615, 0.900322437, -0.485030174, 0.758758664, -0.43477729)}) tween1:Play() tablesorting(part1, tween1)
		tween3 = ts:Create(part3, TweenInfo.new(0.1666666641831398, Enum.EasingStyle.Linear, Enum.EasingDirection.In, 0, false, 0), {C0 = CFrame.new(-1.09763789, 0.168518424, -0.350916922, -0.667875528, 0.248593599, -0.701529503, -0.347575039, 0.729298592, 0.589334786, 0.658129454, 0.63743639, -0.400675505)}) tween3:Play() tablesorting(part3, tween3)
		task.wait()

		if afterframe() then
			return
		end

		--3, 0.13333334028720856
		tween2 = ts:Create(part2, TweenInfo.new(0.2666666656732559, Enum.EasingStyle.Linear, Enum.EasingDirection.In, 0, false, 0), {C0 = CFrame.new(0.794370234, 0.466874421, 0.131191045, 0.610682607, -0.519062638, 0.598030865, 0.202819005, 0.832542181, 0.515497625, -0.765461564, -0.193513423, 0.613694727)}) tween2:Play() tablesorting(part2, tween2)
		task.wait(0.0683333283662796)

		if afterframe() then
			return
		end

		--4, 0.21666666865348816
		tween1 = ts:Create(part1, TweenInfo.new(0.06666666269302368, Enum.EasingStyle.Linear, Enum.EasingDirection.In, 0, false, 0), {C0 = CFrame.new(-5.88595867e-07, -1.12154794, 0.131821886, -0.780085862, -0.622125149, 0.0665316284, -0.304477513, 0.470364511, 0.828281939, -0.546588957, 0.625873566, -0.556347847)}) tween1:Play() tablesorting(part1, tween1)
		tween6 = ts:Create(part6, TweenInfo.new(0.1666666567325592, Enum.EasingStyle.Linear, Enum.EasingDirection.In, 0, false, 0), {C0 = CFrame.new(2.23517418e-08, 1.00000012, 8.19563866e-08, -0.808067024, 0.57951194, 0.105801627, -0.049990803, -0.246411934, 0.967875123, 0.586965919, 0.776818752, 0.228087649)}) tween6:Play() tablesorting(part6, tween6)
		task.wait(0.05166666269302368)

		if afterframe() then
			return
		end

		--5, 0.28333333134651184
		tween1 = ts:Create(part1, TweenInfo.new(0.09999999403953552, Enum.EasingStyle.Linear, Enum.EasingDirection.In, 0, false, 0), {C0 = CFrame.new(-1.15483999e-06, -1.1257093, 0.147088572, -0.758181155, -0.645676136, 0.0909056887, -0.338702172, 0.509120345, 0.791250706, -0.557173491, 0.569121361, -0.604697406)}) tween1:Play() tablesorting(part1, tween1)
		tween5 = ts:Create(part5, TweenInfo.new(0.09999999403953552, Enum.EasingStyle.Linear, Enum.EasingDirection.In, 0, false, 0), {C0 = CFrame.new(-1.40486884, -0.54385227, -0.396115124, 0.660759211, -0.236950457, -0.71221602, 0.405657411, 0.9110865, 0.0732354745, 0.631537318, -0.337306798, 0.698129475)}) tween5:Play() tablesorting(part5, tween5)
		tween4 = ts:Create(part4, TweenInfo.new(0.09999999403953552, Enum.EasingStyle.Linear, Enum.EasingDirection.In, 0, false, 0), {C0 = CFrame.new(1.12750268, -0.301617265, -0.344493389, -0.00143007189, 0.160408139, 0.987049639, 0.678363502, 0.725367188, -0.116898574, -0.734724998, 0.669411302, -0.109852359)}) tween4:Play() tablesorting(part4, tween4)
		tween3 = ts:Create(part3, TweenInfo.new(0.18333333730697632, Enum.EasingStyle.Linear, Enum.EasingDirection.In, 0, false, 0), {C0 = CFrame.new(-1.21547675, 0.240060896, -0.377094597, -0.825715542, 0.376475781, -0.420071244, -0.0710027069, 0.669403017, 0.739498734, 0.559600949, 0.640441775, -0.526005566)}) tween3:Play() tablesorting(part3, tween3)
		task.wait(0.08499999403953552)

		if afterframe() then
			return
		end

		--6, 0.38333332538604736
		tween1 = ts:Create(part1, TweenInfo.new(0.0833333432674408, Enum.EasingStyle.Linear, Enum.EasingDirection.In, 0, false, 0), {C0 = CFrame.new(-1.87754631e-06, -1.05994177, 0.172532827, -0.758181155, -0.64385277, 0.10303019, -0.348888189, 0.534071505, 0.770094097, -0.550852537, 0.547924638, -0.629555643)}) tween1:Play() tablesorting(part1, tween1)
		tween6 = ts:Create(part6, TweenInfo.new(0.2666666507720947, Enum.EasingStyle.Linear, Enum.EasingDirection.In, 0, false, 0), {C0 = CFrame.new(4.47034836e-08, 1.00000024, 1.15483999e-07, -0.778200388, 0.627956271, 0.0086672157, -0.145041972, -0.193138063, 0.970392048, 0.61103785, 0.753902376, 0.24138023)}) tween6:Play() tablesorting(part6, tween6)
		tween5 = ts:Create(part5, TweenInfo.new(0.0833333432674408, Enum.EasingStyle.Linear, Enum.EasingDirection.In, 0, false, 0), {C0 = CFrame.new(-1.46496391, -0.554233372, -0.422674686, 0.667590857, -0.274868727, -0.691931903, 0.426831543, 0.902765393, 0.0531942472, 0.61003077, -0.330850393, 0.720000446)}) tween5:Play() tablesorting(part5, tween5)
		tween4 = ts:Create(part4, TweenInfo.new(0.0833333432674408, Enum.EasingStyle.Linear, Enum.EasingDirection.In, 0, false, 0), {C0 = CFrame.new(1.13402736, -0.42776823, -0.355347574, 0.00210314989, 0.178911924, 0.983862817, 0.743181825, 0.658012331, -0.121245839, -0.669086218, 0.731443882, -0.131580204)}) tween4:Play() tablesorting(part4, tween4)
		task.wait()

		if afterframe() then
			return
		end

		--7, 0.4000000059604645
		tween2 = ts:Create(part2, TweenInfo.new(0.29999998211860657, Enum.EasingStyle.Linear, Enum.EasingDirection.In, 0, false, 0), {C0 = CFrame.new(0.74595201, 0.459074676, 0.162082076, 0.501083255, -0.706186831, 0.50021565, 0.423151255, 0.70414263, 0.570198417, -0.754889727, -0.0740500018, 0.651657999)}) tween2:Play() tablesorting(part2, tween2)
		task.wait(0.05166666269302368)

		if afterframe() then
			return
		end

		--8, 0.46666666865348816
		tween1 = ts:Create(part1, TweenInfo.new(0.09999999403953552, Enum.EasingStyle.Linear, Enum.EasingDirection.In, 0, false, 0), {C0 = CFrame.new(-2.36183405e-06, -1.00313902, 0.18779929, -0.749150813, -0.651998281, 0.116925053, -0.341952503, 0.531841695, 0.774734259, -0.56731087, 0.540409803, -0.621382058)}) tween1:Play() tablesorting(part1, tween1)
		tween5 = ts:Create(part5, TweenInfo.new(0.09999999403953552, Enum.EasingStyle.Linear, Enum.EasingDirection.In, 0, false, 0), {C0 = CFrame.new(-1.5370779, -0.566691041, -0.454545856, 0.674644053, -0.311788529, -0.669061363, 0.45194903, 0.891126335, 0.0404474139, 0.583607197, -0.329669297, 0.742105603)}) tween5:Play() tablesorting(part5, tween5)
		tween4 = ts:Create(part4, TweenInfo.new(0.09999999403953552, Enum.EasingStyle.Linear, Enum.EasingDirection.In, 0, false, 0), {C0 = CFrame.new(1.14754701, -0.561996102, -0.346584439, -2.23517418e-08, 0.200988159, 0.979593694, 0.785717964, 0.6059618, -0.124328248, -0.618584871, 0.769684374, -0.157920033)}) tween4:Play() tablesorting(part4, tween4)
		tween3 = ts:Create(part3, TweenInfo.new(0.18333330750465393, Enum.EasingStyle.Linear, Enum.EasingDirection.In, 0, false, 0), {C0 = CFrame.new(-1.2578578, 0.133612603, -0.447313845, -0.825715482, 0.308917761, -0.471978366, -0.0710026845, 0.773138762, 0.630250335, 0.559600949, 0.553919077, -0.616458416)}) tween3:Play() tablesorting(part3, tween3)
		task.wait(0.08499999403953552)

		if afterframe() then
			return
		end

		--9, 0.5666666626930237
		tween1 = ts:Create(part1, TweenInfo.new(0.08333331346511841, Enum.EasingStyle.Linear, Enum.EasingDirection.In, 0, false, 0), {C0 = CFrame.new(-2.52574682e-06, -0.974234223, 0.18779923, -0.733436167, -0.667760193, 0.127152041, -0.319082499, 0.503368676, 0.802998424, -0.600214601, 0.548376143, -0.582259536)}) tween1:Play() tablesorting(part1, tween1)
		tween5 = ts:Create(part5, TweenInfo.new(0.08333331346511841, Enum.EasingStyle.Linear, Enum.EasingDirection.In, 0, false, 0), {C0 = CFrame.new(-1.52107179, -0.608748257, -0.435277045, 0.666290998, -0.341957241, -0.662662387, 0.476843745, 0.878601551, 0.0260653943, 0.573302984, -0.333353579, 0.748464286)}) tween5:Play() tablesorting(part5, tween5)
		tween4 = ts:Create(part4, TweenInfo.new(0.08333331346511841, Enum.EasingStyle.Linear, Enum.EasingDirection.In, 0, false, 0), {C0 = CFrame.new(1.14868748, -0.560831904, -0.34597981, -0.00206333399, 0.210721061, 0.97754395, 0.77987951, 0.6122123, -0.130323425, -0.625926435, 0.762097538, -0.165600181)}) tween4:Play() tablesorting(part4, tween4)
		task.wait(0.06833331346511841)

		if afterframe() then
			return
		end

		--10, 0.6499999761581421
		tween1 = ts:Create(part1, TweenInfo.new(0.10000002384185791, Enum.EasingStyle.Linear, Enum.EasingDirection.In, 0, false, 0), {C0 = CFrame.new(-0.00845711678, -1.04859734, 0.187799007, -0.713774145, -0.689685762, 0.121902421, -0.333533168, 0.487774491, 0.806741595, -0.615858853, 0.535172701, -0.578193903)}) tween1:Play() tablesorting(part1, tween1)
		tween6 = ts:Create(part6, TweenInfo.new(0.03333336114883423, Enum.EasingStyle.Linear, Enum.EasingDirection.In, 0, false, 0), {C0 = CFrame.new(1.49011612e-08, 1.00000012, 7.4505806e-09, -0.771902442, 0.635516167, -0.0169101059, -0.153281093, -0.160230175, 0.975105882, 0.616986036, 0.755278468, 0.221094713)}) tween6:Play() tablesorting(part6, tween6)
		tween5 = ts:Create(part5, TweenInfo.new(0.050000011920928955, Enum.EasingStyle.Linear, Enum.EasingDirection.In, 0, false, 0), {C0 = CFrame.new(-1.51524031, -0.624070704, -0.428257406, 0.6608935, -0.344856352, -0.666553736, 0.49161467, 0.87001282, 0.0373194814, 0.567040503, -0.352351874, 0.744522154)}) tween5:Play() tablesorting(part5, tween5)
		tween4 = ts:Create(part4, TweenInfo.new(0.10000002384185791, Enum.EasingStyle.Linear, Enum.EasingDirection.In, 0, false, 0), {C0 = CFrame.new(1.16284668, -0.521129727, -0.296940923, -0.00330030173, 0.222370595, 0.974956632, 0.776681781, 0.614686847, -0.137570247, -0.629884481, 0.756776989, -0.174739808)}) tween4:Play() tablesorting(part4, tween4)
		tween3 = ts:Create(part3, TweenInfo.new(0.10000002384185791, Enum.EasingStyle.Linear, Enum.EasingDirection.In, 0, false, 0), {C0 = CFrame.new(-1.33582532, 0.0848229229, -0.352052391, -0.843834221, 0.255303651, -0.471978635, -0.120461076, 0.766990304, 0.630250037, 0.522908151, 0.588681638, -0.616458416)}) tween3:Play() tablesorting(part3, tween3)
		task.wait(0.01833336114883423)

		if afterframe() then
			return
		end

		--11, 0.6833333373069763
		tween6 = ts:Create(part6, TweenInfo.new(0.25, Enum.EasingStyle.Linear, Enum.EasingDirection.In, 0, false, 0), {C0 = CFrame.new(7.4505806e-08, 1, 6.70552254e-08, -0.717523217, 0.663303852, -0.212575808, -0.204896897, 0.090686202, 0.974573374, 0.665715933, 0.742835104, 0.0708394945)}) tween6:Play() tablesorting(part6, tween6)
		task.wait()

		if afterframe() then
			return
		end

		--12, 0.699999988079071
		tween5 = ts:Create(part5, TweenInfo.new(0.050000011920928955, Enum.EasingStyle.Linear, Enum.EasingDirection.In, 0, false, 0), {C0 = CFrame.new(-1.50940907, -0.639393389, -0.421237111, 0.655626893, -0.348383963, -0.669911802, 0.506208777, 0.861095965, 0.0476064086, 0.56027317, -0.370327324, 0.740912616)}) tween5:Play() tablesorting(part5, tween5)
		tween2 = ts:Create(part2, TweenInfo.new(0.23333334922790527, Enum.EasingStyle.Linear, Enum.EasingDirection.In, 0, false, 0), {C0 = CFrame.new(0.74595201, 0.459074855, 0.162081882, 0.201865986, -0.772225261, 0.602427065, 0.567630708, 0.593498588, 0.570574045, -0.798151076, 0.226776689, 0.558146)}) tween2:Play() tablesorting(part2, tween2)
		task.wait(0.035000011920928956)

		if afterframe() then
			return
		end

		--13, 0.75
		tween1 = ts:Create(part1, TweenInfo.new(0.10000002384185791, Enum.EasingStyle.Linear, Enum.EasingDirection.In, 0, false, 0), {C0 = CFrame.new(-0.0206099004, -1.16633391, 0.187799662, -0.564321399, -0.818049908, 0.111067519, -0.435750425, 0.409425318, 0.801556528, -0.701186955, 0.403937697, -0.587513089)}) tween1:Play() tablesorting(part1, tween1)
		tween5 = ts:Create(part5, TweenInfo.new(0.10000002384185791, Enum.EasingStyle.Linear, Enum.EasingDirection.In, 0, false, 0), {C0 = CFrame.new(-1.55913281, -0.633871794, -0.346009076, 0.643970132, -0.473296016, -0.60107708, 0.635371327, 0.768498659, 0.0755854547, 0.426152587, -0.430581897, 0.795608878)}) tween5:Play() tablesorting(part5, tween5)
		tween4 = ts:Create(part4, TweenInfo.new(0.10000002384185791, Enum.EasingStyle.Linear, Enum.EasingDirection.In, 0, false, 0), {C0 = CFrame.new(1.1494118, -0.538886309, -0.320919156, 0.0126075223, 0.325115919, 0.945590138, 0.804474294, 0.558333278, -0.202694029, -0.593853593, 0.763258457, -0.254508257)}) tween4:Play() tablesorting(part4, tween4)
		tween3 = ts:Create(part3, TweenInfo.new(0.10000002384185791, Enum.EasingStyle.Linear, Enum.EasingDirection.In, 0, false, 0), {C0 = CFrame.new(-1.43433809, 0.255426258, -0.0167584121, -0.768244565, 0.432477176, -0.471978545, 0.0489924736, 0.774844944, 0.630250156, 0.638279021, 0.461062789, -0.616458416)}) tween3:Play() tablesorting(part3, tween3)
		task.wait(0.08500002384185791)

		if afterframe() then
			return
		end

		--14, 0.8500000238418579
		tween1 = ts:Create(part1, TweenInfo.new(0.08333331346511841, Enum.EasingStyle.Linear, Enum.EasingDirection.In, 0, false, 0), {C0 = CFrame.new(-0.0338210687, -1.33748448, 0.187799007, -0.535773993, -0.838649869, 0.0980447084, -0.471559227, 0.393516421, 0.789162338, -0.700412869, 0.376578748, -0.606308997)}) tween1:Play() tablesorting(part1, tween1)
		tween5 = ts:Create(part5, TweenInfo.new(0.08333331346511841, Enum.EasingStyle.Linear, Enum.EasingDirection.In, 0, false, 0), {C0 = CFrame.new(-1.66056263, -0.554014921, -0.341706216, 0.616372764, -0.565134823, -0.54836762, 0.726697505, 0.676451504, 0.119682908, 0.303307295, -0.472266674, 0.827628374)}) tween5:Play() tablesorting(part5, tween5)
		tween4 = ts:Create(part4, TweenInfo.new(0.08333331346511841, Enum.EasingStyle.Linear, Enum.EasingDirection.In, 0, false, 0), {C0 = CFrame.new(1.1708076, -0.513154626, -0.280056059, 0.0311935768, 0.40717864, 0.91281575, 0.824068069, 0.506343186, -0.254024774, -0.56563127, 0.760146141, -0.319748282)}) tween4:Play() tablesorting(part4, tween4)
		tween3 = ts:Create(part3, TweenInfo.new(0.08333331346511841, Enum.EasingStyle.Linear, Enum.EasingDirection.In, 0, false, 0), {C0 = CFrame.new(-1.34844136, 0.386883944, 0.123081416, -0.78720212, 0.396924406, -0.471978635, 0.0135391504, 0.776274383, 0.630250454, 0.616547167, 0.489744395, -0.616458595)}) tween3:Play() tablesorting(part3, tween3)
		task.wait(0.06833331346511841)

		if afterframe() then
			return
		end

		--15, 0.9333333373069763
		tween1 = ts:Create(part1, TweenInfo.new(0.09999996423721313, Enum.EasingStyle.Linear, Enum.EasingDirection.In, 0, false, 0), {C0 = CFrame.new(-0.0465018228, -1.26334262, 0.213183865, -0.493283242, -0.861362338, 0.121353313, -0.555874944, 0.419448256, 0.717681408, -0.669084907, 0.286562979, -0.685716629)}) tween1:Play() tablesorting(part1, tween1)
		tween6 = ts:Create(part6, TweenInfo.new(0.21666663885116577, Enum.EasingStyle.Linear, Enum.EasingDirection.In, 0, false, 0), {C0 = CFrame.new(8.94069672e-08, 1, 1.1920929e-07, -0.935512483, 0.273442745, -0.223708332, -0.105406456, 0.388340116, 0.915467978, 0.337202966, 0.880011976, -0.334474266)}) tween6:Play() tablesorting(part6, tween6)
		tween5 = ts:Create(part5, TweenInfo.new(0.09999996423721313, Enum.EasingStyle.Linear, Enum.EasingDirection.In, 0, false, 0), {C0 = CFrame.new(-1.70155263, -0.426278889, -0.403717548, 0.691798329, -0.451117665, -0.563833356, 0.590584815, 0.802764118, 0.0823371857, 0.415481389, -0.389952302, 0.821773946)}) tween5:Play() tablesorting(part5, tween5)
		tween2 = ts:Create(part2, TweenInfo.new(0.21666663885116577, Enum.EasingStyle.Linear, Enum.EasingDirection.In, 0, false, 0), {C0 = CFrame.new(0.745951653, 0.459074944, 0.162081689, 0.656854928, -0.385253757, 0.648167491, 0.629815161, 0.752968669, -0.190711707, -0.414577276, 0.533495784, 0.737229884)}) tween2:Play() tablesorting(part2, tween2)
		tween4 = ts:Create(part4, TweenInfo.new(0.09999996423721313, Enum.EasingStyle.Linear, Enum.EasingDirection.In, 0, false, 0), {C0 = CFrame.new(1.10178638, -0.590195179, -0.476437092, 0.0408444032, 0.50703609, 0.86095649, 0.857106507, 0.425074875, -0.290997684, -0.51351738, 0.749817133, -0.417221963)}) tween4:Play() tablesorting(part4, tween4)
		tween3 = ts:Create(part3, TweenInfo.new(0.09999996423721313, Enum.EasingStyle.Linear, Enum.EasingDirection.In, 0, false, 0), {C0 = CFrame.new(-1.44546759, 0.387961805, 0.198469192, -0.789626718, 0.458102256, -0.408205509, 0.00876776129, 0.673632681, 0.739014864, 0.61352545, 0.579966962, -0.535934746)}) tween3:Play() tablesorting(part3, tween3)
		task.wait(0.08499996423721314)

		if afterframe() then
			return
		end

		--16, 1.0333333015441895
		tween1 = ts:Create(part1, TweenInfo.new(0.11666667461395264, Enum.EasingStyle.Linear, Enum.EasingDirection.In, 0, false, 0), {C0 = CFrame.new(-0.0465024784, -0.820311069, 0.280875593, -0.797285676, -0.556426346, 0.233934283, -0.318864226, 0.717334509, 0.619481266, -0.512504935, 0.419310331, -0.749345124)}) tween1:Play() tablesorting(part1, tween1)
		tween5 = ts:Create(part5, TweenInfo.new(0.11666667461395264, Enum.EasingStyle.Linear, Enum.EasingDirection.In, 0, false, 0), {C0 = CFrame.new(-1.60056925, -0.629270434, -0.283318162, 0.778515041, -0.477788955, -0.406979084, 0.397043407, 0.877119243, -0.270219266, 0.486077011, 0.0487814471, 0.872553349)}) tween5:Play() tablesorting(part5, tween5)
		tween4 = ts:Create(part4, TweenInfo.new(0.11666667461395264, Enum.EasingStyle.Linear, Enum.EasingDirection.In, 0, false, 0), {C0 = CFrame.new(1.08334827, -0.650208116, -0.572764456, 0.0638345554, 0.213429376, 0.974870801, 0.915865779, 0.375469148, -0.142172694, -0.396377593, 0.901926398, -0.171504736)}) tween4:Play() tablesorting(part4, tween4)
		tween3 = ts:Create(part3, TweenInfo.new(0.11666667461395264, Enum.EasingStyle.Linear, Enum.EasingDirection.In, 0, false, 0), {C0 = CFrame.new(-0.855355859, 0.270797729, -0.412562221, -0.128366932, 0.414824724, -0.900800765, -0.797370732, 0.496912211, 0.342459857, 0.589679897, 0.762233019, 0.266982526)}) tween3:Play() tablesorting(part3, tween3)
		task.wait(0.10166667461395264)

		if afterframe() then
			return
		end

		--17, 1.149999976158142
		tween1 = ts:Create(part1, TweenInfo.new(0.06666672229766846, Enum.EasingStyle.Linear, Enum.EasingDirection.In, 0, false, 0), {C0 = CFrame.new(-0.0464988053, 6.13996792, 0.28087461, -0.995963931, 0.0818908513, 0.0367366336, 0.0875536203, 0.796379328, 0.598426521, 0.0197491832, 0.599227726, -0.800335228)}) tween1:Play() tablesorting(part1, tween1)
		tween6 = ts:Create(part6, TweenInfo.new(0.23333334922790527, Enum.EasingStyle.Linear, Enum.EasingDirection.In, 0, false, 0), {C0 = CFrame.new(-7.26431608e-08, 1.00000024, 5.96046448e-08, -0.919279933, -0.372707486, -0.126544997, -0.141683504, 0.0133882761, 0.989821553, -0.367219657, 0.927852273, -0.0651140213)}) tween6:Play() tablesorting(part6, tween6)
		tween5 = ts:Create(part5, TweenInfo.new(0.06666672229766846, Enum.EasingStyle.Linear, Enum.EasingDirection.In, 0, false, 0), {C0 = CFrame.new(-0.848747492, -1.19106722, -0.158438444, 0.436400145, -0.205208778, -0.876038194, -0.746638656, 0.460722178, -0.47986117, 0.502083421, 0.863495052, 0.0478415415)}) tween5:Play() tablesorting(part5, tween5)
		tween2 = ts:Create(part2, TweenInfo.new(0.23333334922790527, Enum.EasingStyle.Linear, Enum.EasingDirection.In, 0, false, 0), {C0 = CFrame.new(0.329141617, 0.200788379, -0.559615076, -0.6353513, -0.0585742034, 0.769997954, 0.660139322, 0.476174176, 0.580926061, -0.400681138, 0.877397597, -0.263870835)}) tween2:Play() tablesorting(part2, tween2)
		tween4 = ts:Create(part4, TweenInfo.new(0.06666672229766846, Enum.EasingStyle.Linear, Enum.EasingDirection.In, 0, false, 0), {C0 = CFrame.new(1.10443556, -0.086266458, -0.965180397, -0.195159465, 0.107423194, 0.974870682, -0.173806325, 0.974463165, -0.142172739, -0.965248466, -0.197185099, -0.171504512)}) tween4:Play() tablesorting(part4, tween4)
		tween3 = ts:Create(part3, TweenInfo.new(0.06666672229766846, Enum.EasingStyle.Linear, Enum.EasingDirection.In, 0, false, 0), {C0 = CFrame.new(-1.17897296, 0.326567411, 0.739581585, 0.680216968, -0.14428629, -0.718669474, -0.6357342, 0.37193799, -0.676391244, 0.364895225, 0.916975796, 0.161270902)}) tween3:Play() tablesorting(part3, tween3)
		task.wait(0.05166672229766846)

		if afterframe() then
			return
		end

		--18, 1.2166666984558105
		tween1 = ts:Create(part1, TweenInfo.new(0.16666662693023682, Enum.EasingStyle.Linear, Enum.EasingDirection.In, 0, false, 0), {C0 = CFrame.new(-0.0464893021, 22.2365799, 0.280873358, -0.987019837, 0.154866502, -0.042523317, 0.129617855, 0.924517572, 0.358422399, 0.0948210061, 0.348258287, -0.932590961)}) tween1:Play() tablesorting(part1, tween1)
		tween5 = ts:Create(part5, TweenInfo.new(0.16666662693023682, Enum.EasingStyle.Linear, Enum.EasingDirection.In, 0, false, 0), {C0 = CFrame.new(-1.0844686, -0.84061867, -0.460239172, 0.457853496, -0.25750038, -0.850917935, -0.796486437, 0.306392193, -0.52128315, 0.394947708, 0.916414797, -0.0648138225)}) tween5:Play() tablesorting(part5, tween5)
		tween4 = ts:Create(part4, TweenInfo.new(0.16666662693023682, Enum.EasingStyle.Linear, Enum.EasingDirection.In, 0, false, 0), {C0 = CFrame.new(1.32843137, -0.0585887432, -0.706368804, 0.608437002, 0.107423179, 0.786297917, -0.22129114, 0.974463105, 0.0381046496, -0.762125015, -0.197185099, 0.616671801)}) tween4:Play() tablesorting(part4, tween4)
		tween3 = ts:Create(part3, TweenInfo.new(0.16666662693023682, Enum.EasingStyle.Linear, Enum.EasingDirection.In, 0, false, 0), {C0 = CFrame.new(-0.547111154, 0.193378061, -0.813629687, -0.814531147, -0.223307982, -0.535414875, -0.55731076, 0.044971291, 0.829087615, -0.161063462, 0.973710656, -0.16108638)}) tween3:Play() tablesorting(part3, tween3)
		task.wait(0.1516666269302368)

		if afterframe() then
			return
		end

		--19, 1.3833333253860474
		tween1 = ts:Create(part1, TweenInfo.new(0.2666666507720947, Enum.EasingStyle.Linear, Enum.EasingDirection.In, 0, false, 0), {C0 = CFrame.new(-0.0464774072, 47.5173111, 0.235452056, -0.987019777, 0.134402961, -0.0879074112, 0.12961784, 0.989862144, 0.0580712706, 0.0948209912, 0.0459231436, -0.994434834)}) tween1:Play() tablesorting(part1, tween1)
		tween6 = ts:Create(part6, TweenInfo.new(0.9499999284744263, Enum.EasingStyle.Linear, Enum.EasingDirection.In, 0, false, 0), {C0 = CFrame.new(-7.4505806e-08, 1.00000024, 1.49011612e-08, -0.995905459, 0.0873246416, -0.0233822539, -0.0236956794, -0.00255486369, 0.999716103, 0.0872401297, 0.99617666, 0.00461372733)}) tween6:Play() tablesorting(part6, tween6)
		tween5 = ts:Create(part5, TweenInfo.new(0.783333420753479, Enum.EasingStyle.Linear, Enum.EasingDirection.In, 0, false, 0), {C0 = CFrame.new(-0.893541992, -1.03659749, -0.288808614, 0.0148600116, -0.41086635, -0.911574423, -0.0278324783, 0.911151886, -0.411129534, 0.999502182, 0.0314807594, 0.00210429728)}) tween5:Play() tablesorting(part5, tween5)
		tween2 = ts:Create(part2, TweenInfo.new(0.783333420753479, Enum.EasingStyle.Linear, Enum.EasingDirection.In, 0, false, 0), {C0 = CFrame.new(1.13924193, 0.349660426, -0.296467394, -0.475906014, -0.840341568, 0.259499103, 0.19504413, 0.186865151, 0.962828875, -0.857596278, 0.508829713, 0.0749733672)}) tween2:Play() tablesorting(part2, tween2)
		tween4 = ts:Create(part4, TweenInfo.new(0.783333420753479, Enum.EasingStyle.Linear, Enum.EasingDirection.In, 0, false, 0), {C0 = CFrame.new(1.32781494, -0.0450770855, -0.70945698, 0.511283457, 0.346879065, 0.786297858, -0.600492239, 0.798722029, 0.0381047577, -0.614815772, -0.491648078, 0.616671503)}) tween4:Play() tablesorting(part4, tween4)
		tween3 = ts:Create(part3, TweenInfo.new(0.46666669845581055, Enum.EasingStyle.Linear, Enum.EasingDirection.In, 0, false, 0), {C0 = CFrame.new(-1.02714646, 0.389518768, -0.553532779, -0.700698495, 0.692223072, -0.172767967, -0.293947488, -0.0594503507, 0.95397085, 0.650089681, 0.719230652, 0.245134056)}) tween3:Play() tablesorting(part3, tween3)
		task.wait(0.2516666507720947)

		if afterframe() then
			return
		end

		--20, 1.649999976158142
		tween1 = ts:Create(part1, TweenInfo.new(0.30000007152557373, Enum.EasingStyle.Linear, Enum.EasingDirection.In, 0, false, 0), {C0 = CFrame.new(2.86924863, 70.6515579, -1.03769457, -0.987019837, 0.140536696, -0.0777255893, 0.129617825, 0.982855618, 0.131126672, 0.0948211104, 0.119350009, -0.988314211)}) tween1:Play() tablesorting(part1, tween1)
		task.wait(0.1850000476837158)

		if afterframe() then
			return
		end

		--21, 1.850000023841858
		tween3 = ts:Create(part3, TweenInfo.new(0.16666662693023682, Enum.EasingStyle.Linear, Enum.EasingDirection.In, 0, false, 0), {C0 = CFrame.new(-1.33121634, -0.0783638954, -0.374924898, -0.392003328, 0.914767146, 0.0976449698, -0.456227839, -0.285472631, 0.842830122, 0.798868716, 0.285843819, 0.529248595)}) tween3:Play() tablesorting(part3, tween3)
		task.wait(0.08500002384185791)

		if afterframe() then
			return
		end

		--22, 1.9500000476837158
		tween1 = ts:Create(part1, TweenInfo.new(0.21666669845581055, Enum.EasingStyle.Linear, Enum.EasingDirection.In, 0, false, 0), {C0 = CFrame.new(3.73402095, 82.2148895, -1.40551627, -0.996371031, 0.0833415389, -0.0172905959, 0.0665320754, 0.889285386, 0.452487707, 0.0530872867, 0.449695319, -0.891603172)}) tween1:Play() tablesorting(part1, tween1)
		task.wait(0.05166660308837891)

		if afterframe() then
			return
		end

		--23, 2.0166666507720947
		tween3 = ts:Create(part3, TweenInfo.new(0.3166666030883789, Enum.EasingStyle.Linear, Enum.EasingDirection.In, 0, false, 0), {C0 = CFrame.new(-0.828529716, -0.176682711, -0.646237254, 0.456383646, 0.687254071, -0.565150857, -0.57441318, 0.712636173, 0.402741373, 0.679532588, 0.140825644, 0.720002532)}) tween3:Play() tablesorting(part3, tween3)
		task.wait(0.13500009536743163)

		if afterframe() then
			return
		end

		--24, 2.1666667461395264
		tween1 = ts:Create(part1, TweenInfo.new(0.16666650772094727, Enum.EasingStyle.Linear, Enum.EasingDirection.In, 0, false, 0), {C0 = CFrame.new(3.94603324, 88.7197113, -1.48806214, -0.990656972, 0.00952886418, -0.136044189, -0.0548829511, 0.885356009, 0.461663425, 0.124846645, 0.464816511, -0.876561105)}) tween1:Play() tablesorting(part1, tween1)
		tween5 = ts:Create(part5, TweenInfo.new(0.5, Enum.EasingStyle.Linear, Enum.EasingDirection.In, 0, false, 0), {C0 = CFrame.new(-1.1653471, -0.651316643, -0.481730223, 0.242151469, 0.141676724, -0.959838569, -0.942734659, 0.268237233, -0.19824326, 0.229378149, 0.952878356, 0.198517576)}) tween5:Play() tablesorting(part5, tween5)
		tween2 = ts:Create(part2, TweenInfo.new(0.16666650772094727, Enum.EasingStyle.Linear, Enum.EasingDirection.In, 0, false, 0), {C0 = CFrame.new(1.11673355, 0.337236047, -0.380600721, -0.583897114, -0.759496748, 0.286755621, 0.266237736, 0.154542774, 0.95143795, -0.766929984, 0.631887019, 0.11196956)}) tween2:Play() tablesorting(part2, tween2)
		tween4 = ts:Create(part4, TweenInfo.new(0.5, Enum.EasingStyle.Linear, Enum.EasingDirection.In, 0, false, 0), {C0 = CFrame.new(1.32464111, 0.0244101286, -0.725347638, 0.534537196, 0.309847772, 0.786297858, -0.542495608, 0.83919394, 0.0381048024, -0.648049831, -0.446931571, 0.616671443)}) tween4:Play() tablesorting(part4, tween4)
		task.wait(0.15166650772094725)

		if afterframe() then
			return
		end

		--25, 2.3333332538604736
		tween1 = ts:Create(part1, TweenInfo.new(0.21666669845581055, Enum.EasingStyle.Linear, Enum.EasingDirection.In, 0, false, 0), {C0 = CFrame.new(3.63251686, 94.0683594, -1.33490372, -0.967838466, -0.103708245, -0.229200944, -0.139754444, 0.979203582, 0.147068292, 0.209182039, 0.174370244, -0.962205172)}) tween1:Play() tablesorting(part1, tween1)
		tween6 = ts:Create(part6, TweenInfo.new(0.41666674613952637, Enum.EasingStyle.Linear, Enum.EasingDirection.In, 0, false, 0), {C0 = CFrame.new(-1.11758709e-07, 1.00000012, 2.98023224e-08, -0.986127973, -0.0563022494, 0.156146571, 0.0975480229, 0.56454891, 0.819615364, -0.134298563, 0.823477268, -0.551225066)}) tween6:Play() tablesorting(part6, tween6)
		tween2 = ts:Create(part2, TweenInfo.new(0.16666674613952637, Enum.EasingStyle.Linear, Enum.EasingDirection.In, 0, false, 0), {C0 = CFrame.new(0.646407604, 0.214938819, -0.865809679, -0.738120437, 0.102057643, 0.666905165, 0.668576598, -0.0218948722, 0.743320942, 0.0904633403, 0.994537413, -0.0520723164)}) tween2:Play() tablesorting(part2, tween2)
		tween3 = ts:Create(part3, TweenInfo.new(0.13333344459533691, Enum.EasingStyle.Linear, Enum.EasingDirection.In, 0, false, 0), {C0 = CFrame.new(-0.572284102, -0.0417585373, -0.825692892, -0.166947424, 0.0292346142, -0.985532224, -0.93171674, 0.322310567, 0.167392105, 0.322541177, 0.946182549, -0.026570566)}) tween3:Play() tablesorting(part3, tween3)
		task.wait(0.11833344459533691)

		if afterframe() then
			return
		end

		--26, 2.4666666984558105
		tween3 = ts:Create(part3, TweenInfo.new(0.03333330154418945, Enum.EasingStyle.Linear, Enum.EasingDirection.In, 0, false, 0), {C0 = CFrame.new(-0.488611877, 0.0022971034, -0.884291172, -0.319120407, -0.00684624957, -0.947689414, -0.892770529, 0.337705851, 0.298187613, 0.317998827, 0.9412269, -0.113880984)}) tween3:Play() tablesorting(part3, tween3)
		task.wait(0.018333301544189454)

		if afterframe() then
			return
		end

		--27, 2.5
		tween2 = ts:Create(part2, TweenInfo.new(0.16666674613952637, Enum.EasingStyle.Linear, Enum.EasingDirection.In, 0, false, 0), {C0 = CFrame.new(0.615978897, 0.318033844, -0.855396092, -0.40658313, 0.423172235, 0.809700906, 0.87398082, -0.0780492276, 0.47965163, 0.266171813, 0.902681172, -0.338110924)}) tween2:Play() tablesorting(part2, tween2)
		tween3 = ts:Create(part3, TweenInfo.new(0.16666674613952637, Enum.EasingStyle.Linear, Enum.EasingDirection.In, 0, false, 0), {C0 = CFrame.new(-0.502962649, 0.203229487, -0.60031569, 0.118600994, -0.469842613, -0.87474668, -0.97678864, 0.103052564, -0.187787682, 0.178375512, 0.876714528, -0.446714759)}) tween3:Play() tablesorting(part3, tween3)
		task.wait(0.03499995231628418)

		if afterframe() then
			return
		end

		--28, 2.549999952316284
		tween1 = ts:Create(part1, TweenInfo.new(0.11666679382324219, Enum.EasingStyle.Linear, Enum.EasingDirection.In, 0, false, 0), {C0 = CFrame.new(3.63247848, 94.4817047, -1.33489227, -0.967754781, -0.103708394, -0.229554355, -0.139808089, 0.97920388, 0.147016823, 0.209533557, 0.174369782, -0.96212852)}) tween1:Play() tablesorting(part1, tween1)
		task.wait(0.10166679382324219)

		if afterframe() then
			return
		end

		--29, 2.6666667461395264
		tween1 = ts:Create(part1, TweenInfo.new(0.1333332061767578, Enum.EasingStyle.Linear, Enum.EasingDirection.In, 0, false, 0), {C0 = CFrame.new(3.63249516, 96.9575653, -1.33490241, -0.992509902, -0.103708394, -0.0645666122, -0.11326769, 0.97920382, 0.168317229, 0.0457679518, 0.174369782, -0.983616173)}) tween1:Play() tablesorting(part1, tween1)
		tween5 = ts:Create(part5, TweenInfo.new(0.39999985694885254, Enum.EasingStyle.Linear, Enum.EasingDirection.In, 0, false, 0), {C0 = CFrame.new(-1.22357106, -0.54504019, -0.286239624, -0.0284391344, 0.143772557, -0.989201963, -0.98182112, 0.181772351, 0.0546461865, 0.187665984, 0.972773552, 0.135989368)}) tween5:Play() tablesorting(part5, tween5)
		tween2 = ts:Create(part2, TweenInfo.new(0.08333325386047363, Enum.EasingStyle.Linear, Enum.EasingDirection.In, 0, false, 0), {C0 = CFrame.new(0.853362858, 0.623978555, -0.518532336, 0.054707665, 0.593874037, 0.80269587, 0.997772932, -0.00178924203, -0.0666794255, -0.0381629467, 0.804555953, -0.59264946)}) tween2:Play() tablesorting(part2, tween2)
		tween4 = ts:Create(part4, TweenInfo.new(0.5666666030883789, Enum.EasingStyle.Linear, Enum.EasingDirection.In, 0, false, 0), {C0 = CFrame.new(1.32040811, 0.117061257, -0.746535718, 0.610456765, 0.095276393, 0.786297739, -0.201827794, 0.978680134, 0.0381044522, -0.765903115, -0.18195805, 0.61667186)}) tween4:Play() tablesorting(part4, tween4)
		tween3 = ts:Create(part3, TweenInfo.new(0.08333325386047363, Enum.EasingStyle.Linear, Enum.EasingDirection.In, 0, false, 0), {C0 = CFrame.new(-0.776168823, 0.314198494, -0.0741854906, 0.447061449, -0.514291108, -0.731874943, -0.889655769, -0.340709567, -0.304022968, -0.0930003971, 0.787033677, -0.609860182)}) tween3:Play() tablesorting(part3, tween3)
		task.wait(0.06833325386047363)

		if afterframe() then
			return
		end

		--30, 2.75
		tween6 = ts:Create(part6, TweenInfo.new(0.41666674613952637, Enum.EasingStyle.Linear, Enum.EasingDirection.In, 0, false, 0), {C0 = CFrame.new(-8.94069672e-08, 1.00000024, 1.49011612e-07, -0.957060814, 0.229787052, 0.176727146, 0.250229299, 0.347065151, 0.903842688, 0.146355554, 0.909254551, -0.38966167)}) tween6:Play() tablesorting(part6, tween6)
		tween2 = ts:Create(part2, TweenInfo.new(0.15000009536743164, Enum.EasingStyle.Linear, Enum.EasingDirection.In, 0, false, 0), {C0 = CFrame.new(0.910901666, 0.666308522, -0.380051494, 0.211780056, 0.533073664, 0.819134712, 0.972006857, -0.0276309252, -0.233322278, -0.10174451, 0.845617533, -0.52400291)}) tween2:Play() tablesorting(part2, tween2)
		tween3 = ts:Create(part3, TweenInfo.new(0.15000009536743164, Enum.EasingStyle.Linear, Enum.EasingDirection.In, 0, false, 0), {C0 = CFrame.new(-0.794359803, 0.353066266, 0.0842998028, 0.641521454, -0.11212261, -0.758866787, -0.751366496, -0.291206509, -0.59215492, -0.15459305, 0.950067163, -0.271060258)}) tween3:Play() tablesorting(part3, tween3)
		task.wait(0.03499995231628418)

		if afterframe() then
			return
		end

		--31, 2.799999952316284
		tween1 = ts:Create(part1, TweenInfo.new(0.13333344459533691, Enum.EasingStyle.Linear, Enum.EasingDirection.In, 0, false, 0), {C0 = CFrame.new(3.63248944, 101.608849, -1.33490109, -0.954534054, -0.29243511, 0.057848502, -0.278047681, 0.943368554, 0.180957004, -0.107490614, 0.15664497, -0.981788456)}) tween1:Play() tablesorting(part1, tween1)
		task.wait(0.08500014305114746)

		if afterframe() then
			return
		end

		--32, 2.9000000953674316
		tween2 = ts:Create(part2, TweenInfo.new(0.11666655540466309, Enum.EasingStyle.Linear, Enum.EasingDirection.In, 0, false, 0), {C0 = CFrame.new(0.94830966, 0.679681301, -0.264759302, 0.334740222, 0.440292209, 0.833121657, 0.934925556, -0.0447079539, -0.352016568, -0.117742948, 0.896740735, -0.426606029)}) tween2:Play() tablesorting(part2, tween2)
		tween3 = ts:Create(part3, TweenInfo.new(0.433333158493042, Enum.EasingStyle.Linear, Enum.EasingDirection.In, 0, false, 0), {C0 = CFrame.new(-0.920547128, 0.453505456, -0.578561604, -0.957843006, 0.0493114404, -0.283028483, -0.287076443, -0.20241423, 0.936278164, -0.01111985, 0.978057981, 0.208037198)}) tween3:Play() tablesorting(part3, tween3)
		task.wait(0.018333301544189454)

		if afterframe() then
			return
		end

		--33, 2.933333396911621
