function animation(character)
	local canceldb = false
	local root = character:FindFirstChild("HumanoidRootPart", true)
	local part1 = character["HumanoidRootPart"]["RootJoint"]	
	local part2 = character["Torso"]["Right Shoulder"]
	local part3 = character["Torso"]["Left Shoulder"]
	local part4 = character["Torso"]["Right Hip"]
	local part5 = character["Torso"]["Left Hip"]
	local part6 = character["Torso"]["Neck"]
	local val = 2 --Action
	local tweens = {}
	local function tablesorting(part, tween)
		for i, v in pairs(tweens) do
			if v.Instance == part then
				table.remove(tweens, table.find(tweens, v))
			end
		end
		table.insert(tweens, tween)
	end
	local ts = game:GetService("TweenService")
	local tween1, tween2, tween3, tween4, tween5, tween6

	local priority = root:FindFirstChild("priority")
	if not priority then
		priority = Instance.new("NumberValue", root)
		priority.Name = "priority"
	end

	local anims = root:FindFirstChild("anims")
	if not anims then
		anims = Instance.new("Folder", root)
		anims.Name = "anims"
	end
	local animvalue = anims:FindFirstChild("ready")
	if not animvalue then
		animvalue = Instance.new("BoolValue", anims)
		animvalue.Value = true
		animvalue.Name = "ready"
	end
	animvalue.Value = true

	local function afterframe()
		if canceldb or not character or not part1 then
			return true
		else
			return false
		end
	end

	if afterframe() then
		animvalue.Value = false
		return false
	end
	priority.Value = val
	local connect
	local connect2
	connect = priority.Changed:Connect(function()
		if priority.Value > val then
			for i, v in pairs(tweens) do
				if v and v.PlaybackState == Enum.PlaybackState.Playing then
					v:Cancel()
				end
			end
			canceldb = true
			connect2:Disconnect()
			connect:Disconnect()
		else
			priority.Value = val
		end
	end)
	connect2 = animvalue.Changed:Connect(function()
		if not animvalue.Value then
			for i, v in pairs(tweens) do
				if v and v.PlaybackState == Enum.PlaybackState.Playing then
					v:Cancel()
				end
			end
			canceldb = true
			connect:Disconnect()
			if priority.Value <= val then
				priority.Value = 0
			end
			connect2:Disconnect()
		--smooth transition
		tween1 = ts:Create(part1, TweenInfo.new(0.5), {C0 = CFrame.new(0, 0, 0, -1, 0, 0, 0, 0, 1, 0, 1, -0)}) tween1:Play() tablesorting(part1, tween1)
		tween2 = ts:Create(part2, TweenInfo.new(0.5), {C0 = CFrame.new(1, 0.5, 0, 0, 0, 1, 0, 1, -0, -1, 0, 0)}) tween2:Play() tablesorting(part2, tween2)
		tween3 = ts:Create(part3, TweenInfo.new(0.5), {C0 = CFrame.new(-1, 0.5, 0, 0, 0, -1, 0, 1, 0, 1, 0, 0)}) tween3:Play() tablesorting(part3, tween3)
		tween4 = ts:Create(part4, TweenInfo.new(0.5), {C0 = CFrame.new(1, -1, 0, 0, 0, 1, 0, 1, -0, -1, 0, 0)}) tween4:Play() tablesorting(part4, tween4)
		tween5 = ts:Create(part5, TweenInfo.new(0.5), {C0 = CFrame.new(-1, -1, 0, 0, 0, -1, 0, 1, 0, 1, 0, 0)}) tween5:Play() tablesorting(part5, tween5)
		tween6 = ts:Create(part6, TweenInfo.new(0.5), {C0 = CFrame.new(0, 1, 0, -1, 0, 0, 0, 0, 1, 0, 1, -0)}) tween6:Play() tablesorting(part6, tween6)
		end
	end)
	if true then
		--1, 0
		tween1 = ts:Create(part1, TweenInfo.new(0.8333333134651184, Enum.EasingStyle.Linear, Enum.EasingDirection.In, 0, false, 0), {C0 = CFrame.new(-15.2015762, 0.303515673, -3.12924385e-07, -0.934581995, -0.351026863, -0.0577626601, -0.35524869, 0.929483593, 0.0992914066, 0.0188354701, 0.113316081, -0.993380547)}) tween1:Play() tablesorting(part1, tween1)
		tween6 = ts:Create(part6, TweenInfo.new(1.0833333730697632, Enum.EasingStyle.Linear, Enum.EasingDirection.In, 0, false, 0), {C0 = CFrame.new(7.4505806e-09, 1.00000012, 2.98023224e-08, -0.978538215, 0.206066161, 7.4505806e-09, 0.0440893844, 0.209365487, 0.976843119, 0.201294288, 0.955878019, -0.213957429)}) tween6:Play() tablesorting(part6, tween6)
		tween5 = ts:Create(part5, TweenInfo.new(1, Enum.EasingStyle.Linear, Enum.EasingDirection.In, 0, false, 0), {C0 = CFrame.new(-1.0558455, -0.92928189, -0.0690201521, 0.492004484, 0.391894579, -0.777399659, -0.623036861, 0.782192469, -7.4505806e-09, 0.608076096, 0.484348744, 0.629006863)}) tween5:Play() tablesorting(part5, tween5)
		tween2 = ts:Create(part2, TweenInfo.new(1, Enum.EasingStyle.Linear, Enum.EasingDirection.In, 0, false, 0), {C0 = CFrame.new(0.292978287, 0.430147231, -0.729895294, -0.411411464, 0.451597273, 0.791707277, 0.872279286, -0.0568262115, 0.485695124, 0.264328361, 0.890410542, -0.370540053)}) tween2:Play() tablesorting(part2, tween2)
		tween4 = ts:Create(part4, TweenInfo.new(1, Enum.EasingStyle.Linear, Enum.EasingDirection.In, 0, false, 0), {C0 = CFrame.new(1, -0.187240601, -1.07412076, 0, -3.7252903e-09, 1, -0.192444965, 0.981307626, 0, -0.981307745, -0.192444935, -1.49011612e-08)}) tween4:Play() tablesorting(part4, tween4)
		tween3 = ts:Create(part3, TweenInfo.new(1.25, Enum.EasingStyle.Linear, Enum.EasingDirection.In, 0, false, 0), {C0 = CFrame.new(-0.261633277, 0.386027664, -0.807438612, -0.516247272, -0.138481438, -0.845169604, -0.809272766, -0.244098559, 0.534316421, -0.280297667, 0.959811926, 0.0139456876)}) tween3:Play() tablesorting(part3, tween3)
		task.wait(0.8183333134651184)

		if afterframe() then
			return
		end

		--2, 0.8333333134651184
		tween1 = ts:Create(part1, TweenInfo.new(0.19999998807907104, Enum.EasingStyle.Linear, Enum.EasingDirection.In, 0, false, 0), {C0 = CFrame.new(-1.83549881, -0.697342038, 0.675774038, -0.934581995, -0.351026863, -0.0577626601, -0.35524863, 0.929483593, 0.0992914662, 0.0188354831, 0.113316126, -0.993380547)}) tween1:Play() tablesorting(part1, tween1)
		task.wait(0.15166668653488158)

		if afterframe() then
			return
		end

		--3, 1
		tween5 = ts:Create(part5, TweenInfo.new(0.3333333730697632, Enum.EasingStyle.Linear, Enum.EasingDirection.In, 0, false, 0), {C0 = CFrame.new(-1.0355494, -0.852886736, -0.159497499, 0.436423361, 0.220150352, -0.872392416, -0.599991918, 0.793750763, -0.0998472646, 0.670480669, 0.567004204, 0.47849974)}) tween5:Play() tablesorting(part5, tween5)
		tween2 = ts:Create(part2, TweenInfo.new(0.13333332538604736, Enum.EasingStyle.Linear, Enum.EasingDirection.In, 0, false, 0), {C0 = CFrame.new(0.774971247, 0.258989096, -0.249907017, -0.332719833, 0.471962303, 0.816424549, 0.89329797, -0.119685069, 0.43323648, 0.302185178, 0.873456717, -0.381781518)}) tween2:Play() tablesorting(part2, tween2)
		tween4 = ts:Create(part4, TweenInfo.new(0.3333333730697632, Enum.EasingStyle.Linear, Enum.EasingDirection.In, 0, false, 0), {C0 = CFrame.new(1.12947786, -0.174058616, -1.01409149, 0.0815187991, -0.013578061, 0.996579289, -0.362977952, 0.930833697, 0.0423734039, -0.928224981, -0.365190506, 0.0709519237)}) tween4:Play() tablesorting(part4, tween4)
		task.wait(0.018333301544189454)

		if afterframe() then
			return
		end

		--4, 1.0333333015441895
		tween1 = ts:Create(part1, TweenInfo.new(0.016666650772094727, Enum.EasingStyle.Linear, Enum.EasingDirection.In, 0, false, 0), {C0 = CFrame.new(-2.35946131, -0.739051461, 0.70393008, -0.946593523, -0.314943522, -0.0690746382, -0.3206909, 0.941847861, 0.100400411, 0.0334373154, 0.117189974, -0.992546678)}) tween1:Play() tablesorting(part1, tween1)
		task.wait()

		if afterframe() then
			return
		end

		--5, 1.0499999523162842
		tween1 = ts:Create(part1, TweenInfo.new(0.016666769981384277, Enum.EasingStyle.Linear, Enum.EasingDirection.In, 0, false, 0), {C0 = CFrame.new(0.999500751, -0.780773759, 0.732086957, -0.957107425, -0.27837646, -0.0803244114, -0.285701752, 0.952883124, 0.101924583, 0.0481663197, 0.120501563, -0.991544187)}) tween1:Play() tablesorting(part1, tween1)
		task.wait()

		if afterframe() then
			return
		end

		--6, 1.0666667222976685
		tween1 = ts:Create(part1, TweenInfo.new(0.016666650772094727, Enum.EasingStyle.Linear, Enum.EasingDirection.In, 0, false, 0), {C0 = CFrame.new(-0.137341917, -0.822467387, 0.731411994, -0.96610707, -0.241383418, -0.0914942548, -0.25033626, 0.962571919, 0.10386163, 0.0629993156, 0.123245746, -0.990374684)}) tween1:Play() tablesorting(part1, tween1)
		task.wait()

		if afterframe() then
			return
		end

		--7, 1.0833333730697632
		tween1 = ts:Create(part1, TweenInfo.new(0.016666650772094727, Enum.EasingStyle.Linear, Enum.EasingDirection.In, 0, false, 0), {C0 = CFrame.new(1.96178794, -0.864175677, 0.788402438, -0.973578274, -0.204022646, -0.102566622, -0.214650244, 0.970899284, 0.10620831, 0.0779128969, 0.125418037, -0.989040196)}) tween1:Play() tablesorting(part1, tween1)
		tween6 = ts:Create(part6, TweenInfo.new(0.5499999523162842, Enum.EasingStyle.Linear, Enum.EasingDirection.In, 0, false, 0), {C0 = CFrame.new(4.47034836e-08, 1.00000012, 2.98023224e-08, -0.56529969, -0.822205305, 0.0664453208, -0.140089661, 0.175073266, 0.974538028, -0.812903047, 0.541597664, -0.214151263)}) tween6:Play() tablesorting(part6, tween6)
		task.wait()

		if afterframe() then
			return
		end

		--8, 1.100000023841858
		tween1 = ts:Create(part1, TweenInfo.new(0.016666650772094727, Enum.EasingStyle.Linear, Enum.EasingDirection.In, 0, false, 0), {C0 = CFrame.new(0.589921296, -0.905833781, 0.556009591, -0.979509592, -0.166353017, -0.113524035, -0.178699926, 0.977851748, 0.10896115, 0.0928836241, 0.127015188, -0.98754245)}) tween1:Play() tablesorting(part1, tween1)
		task.wait()

		if afterframe() then
			return
		end

		--9, 1.1166666746139526
		tween1 = ts:Create(part1, TweenInfo.new(0.016666650772094727, Enum.EasingStyle.Linear, Enum.EasingDirection.In, 0, false, 0), {C0 = CFrame.new(1.58485639, -0.947550476, 0.57696712, -0.983891308, -0.128433853, -0.124349214, -0.1425419, 0.983418584, 0.112115785, 0.107887827, 0.128034681, -0.985884249)}) tween1:Play() tablesorting(part1, tween1)
		task.wait()

		if afterframe() then
			return
		end

		--10, 1.1333333253860474
		tween1 = ts:Create(part1, TweenInfo.new(0.016666650772094727, Enum.EasingStyle.Linear, Enum.EasingDirection.In, 0, false, 0), {C0 = CFrame.new(1.12059522, -0.947569191, 0.844718814, -0.987544179, -0.0712180883, -0.140301824, -0.0880402029, 0.989152074, 0.117589697, 0.130405307, 0.128477186, -0.983101428)}) tween1:Play() tablesorting(part1, tween1)
		tween2 = ts:Create(part2, TweenInfo.new(0.11666667461395264, Enum.EasingStyle.Linear, Enum.EasingDirection.In, 0, false, 0), {C0 = CFrame.new(0.953572154, 0.340156257, -0.301131725, -0.411617488, 0.400353193, 0.81871146, 0.801224589, -0.269122124, 0.534427464, 0.434293091, 0.875951409, -0.209997505)}) tween2:Play() tablesorting(part2, tween2)
		task.wait()

		if afterframe() then
			return
		end

		--11, 1.149999976158142
		tween1 = ts:Create(part1, TweenInfo.new(0.016666650772094727, Enum.EasingStyle.Linear, Enum.EasingDirection.In, 0, false, 0), {C0 = CFrame.new(1.84098744, -0.94753325, 0.84472388, -0.98768276, -0.0137782767, -0.155862048, -0.0333926752, 0.991728067, 0.123936996, 0.152865127, 0.127615064, -0.979973018)}) tween1:Play() tablesorting(part1, tween1)
		task.wait()

		if afterframe() then
			return
		end

		--12, 1.1666666269302368
		tween1 = ts:Create(part1, TweenInfo.new(0.016666650772094727, Enum.EasingStyle.Linear, Enum.EasingDirection.In, 0, false, 0), {C0 = CFrame.new(1.90968633, -0.947551012, 0.844718695, -0.984306633, 0.0436819941, -0.170974746, 0.0212069079, 0.991137803, 0.131134912, 0.175187752, 0.125451118, -0.976509869)}) tween1:Play() tablesorting(part1, tween1)
		task.wait()

		if afterframe() then
			return
		end

		--13, 1.1833332777023315
		tween1 = ts:Create(part1, TweenInfo.new(0.016666769981384277, Enum.EasingStyle.Linear, Enum.EasingDirection.In, 0, false, 0), {C0 = CFrame.new(2.51669526, -0.947556317, 0.844718695, -0.977427721, 0.10095901, -0.185586393, 0.0755650625, 0.987383008, 0.139157772, 0.197294056, 0.121992789, -0.972724676)}) tween1:Play() tablesorting(part1, tween1)
		task.wait()

		if afterframe() then
			return
		end

		--14, 1.2000000476837158
		tween1 = ts:Create(part1, TweenInfo.new(0.016666650772094727, Enum.EasingStyle.Linear, Enum.EasingDirection.In, 0, false, 0), {C0 = CFrame.new(2.0132463, -0.947572112, 0.844714344, -0.96707052, 0.157849655, -0.199645147, 0.129489079, 0.980477095, 0.147977173, 0.219105646, 0.117252484, -0.968630493)}) tween1:Play() tablesorting(part1, tween1)
		task.wait()

		if afterframe() then
			return
		end

		--15, 1.2166666984558105
		tween1 = ts:Create(part1, TweenInfo.new(0.016666650772094727, Enum.EasingStyle.Linear, Enum.EasingDirection.In, 0, false, 0), {C0 = CFrame.new(2.28264952, -0.929164946, 0.826170564, -0.946388602, 0.239991069, -0.216224328, 0.207694799, 0.964733303, 0.161718026, 0.247409612, 0.108139411, -0.962857485)}) tween1:Play() tablesorting(part1, tween1)
		task.wait()

		if afterframe() then
			return
		end

		--16, 1.2333333492279053
		tween1 = ts:Create(part1, TweenInfo.new(0.08333337306976318, Enum.EasingStyle.Linear, Enum.EasingDirection.In, 0, false, 0), {C0 = CFrame.new(2.28252673, -0.8371858, 0.733436227, -0.74146533, 0.611225724, -0.276825637, 0.559544265, 0.79093492, 0.24765411, 0.370323539, 0.0287307426, -0.928458691)}) tween1:Play() tablesorting(part1, tween1)
		task.wait()

		if afterframe() then
			return
		end

		--17, 1.25
		tween2 = ts:Create(part2, TweenInfo.new(0.1499999761581421, Enum.EasingStyle.Linear, Enum.EasingDirection.In, 0, false, 0), {C0 = CFrame.new(1.24869287, 0.273920834, -0.213778973, -0.691883266, -0.374952376, 0.6170156, 0.584524095, 0.210759759, 0.783525288, -0.423826754, 0.902768552, 0.0733475685)}) tween2:Play() tablesorting(part2, tween2)
		tween3 = ts:Create(part3, TweenInfo.new(0.08333337306976318, Enum.EasingStyle.Linear, Enum.EasingDirection.In, 0, false, 0), {C0 = CFrame.new(-0.343492985, 0.271492869, -0.3662467, -0.581859291, -0.511711657, -0.632132053, -0.7722103, 0.103707857, 0.626845658, -0.255207121, 0.852874994, -0.455492228)}) tween3:Play() tablesorting(part3, tween3)
		task.wait(0.05166672229766846)

		if afterframe() then
			return
		end

		--18, 1.3166667222976685
		tween1 = ts:Create(part1, TweenInfo.new(0.09999990463256836, Enum.EasingStyle.Linear, Enum.EasingDirection.In, 0, false, 0), {C0 = CFrame.new(2.2593205, -0.66548723, 0.560337186, -0.311332017, 0.907046318, -0.28344202, 0.8378371, 0.402743578, 0.368546575, 0.448443174, -0.122737899, -0.885344207)}) tween1:Play() tablesorting(part1, tween1)
		task.wait()

		if afterframe() then
			return
		end

		--19, 1.3333333730697632
		tween5 = ts:Create(part5, TweenInfo.new(0.6333333253860474, Enum.EasingStyle.Sine, Enum.EasingDirection.Out, 0, false, 0), {C0 = CFrame.new(-1.09504807, -0.401661277, -0.29495728, 0.330170214, -0.063393347, -0.941790164, -0.566724241, 0.784586132, -0.251492262, 0.754858494, 0.616770625, 0.223120421)}) tween5:Play() tablesorting(part5, tween5)
		tween4 = ts:Create(part4, TweenInfo.new(0.6333333253860474, Enum.EasingStyle.Sine, Enum.EasingDirection.Out, 0, false, 0), {C0 = CFrame.new(1.32045078, -0.408240914, -0.701356173, 0.203709841, 0.00960248336, 0.978984237, -0.646955132, 0.751836061, 0.127245799, -0.73481375, -0.659280062, 0.159368828)}) tween4:Play() tablesorting(part4, tween4)
		tween3 = ts:Create(part3, TweenInfo.new(0.08333325386047363, Enum.EasingStyle.Linear, Enum.EasingDirection.In, 0, false, 0), {C0 = CFrame.new(-0.716661453, 0.215997368, 0.560469627, -0.635699987, 0.454405874, -0.624019921, -0.744551957, -0.574341297, 0.340257704, -0.203785419, 0.680917203, 0.70343709)}) tween3:Play() tablesorting(part3, tween3)
		task.wait(0.05166660308837891)

		if afterframe() then
			return
		end

		--20, 1.399999976158142
		tween2 = ts:Create(part2, TweenInfo.new(0.1833333969116211, Enum.EasingStyle.Linear, Enum.EasingDirection.In, 0, false, 0), {C0 = CFrame.new(1.34856844, 0.14757663, -0.0950003266, -0.26749754, -0.85266304, 0.448789358, 0.0711967424, 0.446998149, 0.891697645, -0.960925162, 0.27047956, -0.0588640124)}) tween2:Play() tablesorting(part2, tween2)
		task.wait()

		if afterframe() then
			return
		end

		--21, 1.4166666269302368
		tween1 = ts:Create(part1, TweenInfo.new(0.05000007152557373, Enum.EasingStyle.Linear, Enum.EasingDirection.In, 0, false, 0), {C0 = CFrame.new(2.26158357, -0.586798847, 0.517058611, -0.170292214, 0.942330182, -0.288122535, 0.874976337, 0.279087901, 0.395634353, 0.453229785, -0.184727028, -0.872043133)}) tween1:Play() tablesorting(part1, tween1)
		tween3 = ts:Create(part3, TweenInfo.new(0.05000007152557373, Enum.EasingStyle.Linear, Enum.EasingDirection.In, 0, false, 0), {C0 = CFrame.new(-0.732503772, 0.234309107, 0.53861624, -0.649547696, 0.460941732, -0.604665577, -0.725389719, -0.613979042, 0.311191291, -0.227810919, 0.640751779, 0.733170867)}) tween3:Play() tablesorting(part3, tween3)
		task.wait(0.03500007152557373)

		if afterframe() then
			return
		end

		--22, 1.4666666984558105
		tween1 = ts:Create(part1, TweenInfo.new(0.10000002384185791, Enum.EasingStyle.Linear, Enum.EasingDirection.In, 0, false, 0), {C0 = CFrame.new(2.21891522, -0.462591052, 0.473780274, -0.00691866875, 0.952222466, -0.305327713, 0.895742595, 0.141632244, 0.421409398, 0.444519639, -0.270579427, -0.853925943)}) tween1:Play() tablesorting(part1, tween1)
		tween3 = ts:Create(part3, TweenInfo.new(0.10000002384185791, Enum.EasingStyle.Linear, Enum.EasingDirection.In, 0, false, 0), {C0 = CFrame.new(-0.774872363, 0.282305568, 0.476361781, -0.663641453, 0.485974908, -0.5686903, -0.704853773, -0.660842717, 0.257815599, -0.25052318, 0.571940601, 0.781103492)}) tween3:Play() tablesorting(part3, tween3)
		task.wait(0.08500002384185791)

		if afterframe() then
			return
		end

		--23, 1.5666667222976685
		tween1 = ts:Create(part1, TweenInfo.new(0.08333325386047363, Enum.EasingStyle.Linear, Enum.EasingDirection.In, 0, false, 0), {C0 = CFrame.new(2.14402723, -0.386723876, 0.473780543, 0.0240032692, 0.942504346, -0.333331585, 0.899401903, 0.125211924, 0.418805987, 0.436463565, -0.309851795, -0.84468466)}) tween1:Play() tablesorting(part1, tween1)
		tween3 = ts:Create(part3, TweenInfo.new(0.08333325386047363, Enum.EasingStyle.Linear, Enum.EasingDirection.In, 0, false, 0), {C0 = CFrame.new(-0.819083214, 0.331779391, 0.409025908, -0.663641453, 0.517782509, -0.53989023, -0.704853594, -0.674538076, 0.219500571, -0.25052321, 0.526213348, 0.812611938)}) tween3:Play() tablesorting(part3, tween3)
		task.wait()

		if afterframe() then
			return
		end

		--24, 1.5833333730697632
		tween2 = ts:Create(part2, TweenInfo.new(0.23333334922790527, Enum.EasingStyle.Linear, Enum.EasingDirection.In, 0, false, 0), {C0 = CFrame.new(1.45344234, 0.143524259, -0.0439452752, 0.110539183, -0.977812827, 0.177940995, -0.165240139, 0.158465147, 0.973439634, -0.980039179, -0.137006208, -0.144057348)}) tween2:Play() tablesorting(part2, tween2)
		task.wait(0.03499995231628418)

		if afterframe() then
			return
		end

		--25, 1.6333333253860474
		tween6 = ts:Create(part6, TweenInfo.new(0.3333333730697632, Enum.EasingStyle.Linear, Enum.EasingDirection.In, 0, false, 0), {C0 = CFrame.new(0, 1.00000012, -2.98023224e-08, -0.552338779, -0.828371048, 0.0933995098, -0.142735556, 0.204364359, 0.968432665, -0.82130909, 0.521571398, -0.231116325)}) tween6:Play() tablesorting(part6, tween6)
		task.wait()

		if afterframe() then
			return
		end

		--26, 1.649999976158142
		tween1 = ts:Create(part1, TweenInfo.new(0.10000002384185791, Enum.EasingStyle.Linear, Enum.EasingDirection.In, 0, false, 0), {C0 = CFrame.new(2.21047282, -0.361898124, 0.473780155, 0.0211653132, 0.938876927, -0.343601882, 0.901612699, 0.130586952, 0.412361205, 0.432026267, -0.318523496, -0.84373945)}) tween1:Play() tablesorting(part1, tween1)
		tween3 = ts:Create(part3, TweenInfo.new(0.10000002384185791, Enum.EasingStyle.Linear, Enum.EasingDirection.In, 0, false, 0), {C0 = CFrame.new(-0.834191382, 0.350470603, 0.38051182, -0.663641453, 0.530376554, -0.527523339, -0.704853415, -0.679528892, 0.203524068, -0.250523031, 0.506893635, 0.824801266)}) tween3:Play() tablesorting(part3, tween3)
		task.wait(0.08500002384185791)

		if afterframe() then
			return
		end

		--27, 1.75
		tween1 = ts:Create(part1, TweenInfo.new(0.21666669845581055, Enum.EasingStyle.Linear, Enum.EasingDirection.In, 0, false, 0), {C0 = CFrame.new(2.21042204, -0.368071616, 0.473780513, 0.00709312968, 0.937601745, -0.347639263, 0.905382693, 0.141571805, 0.400299698, 0.42453748, -0.317585886, -0.847884238)}) tween1:Play() tablesorting(part1, tween1)
		tween3 = ts:Create(part3, TweenInfo.new(0.21666669845581055, Enum.EasingStyle.Linear, Enum.EasingDirection.In, 0, false, 0), {C0 = CFrame.new(-0.840092242, 0.370140582, 0.335320592, -0.663641572, 0.566407263, -0.488633662, -0.704853594, -0.692237675, 0.154884547, -0.250523031, 0.44720307, 0.858631432)}) tween3:Play() tablesorting(part3, tween3)
		task.wait(0.05166672229766846)

		if afterframe() then
			return
		end

		--28, 1.8166667222976685
		tween2 = ts:Create(part2, TweenInfo.new(0.1499999761581421, Enum.EasingStyle.Linear, Enum.EasingDirection.In, 0, false, 0), {C0 = CFrame.new(1.44983315, 0.1463615, -0.0435955226, 0.0935149938, -0.977597237, 0.188569859, -0.160356998, 0.172137856, 0.971933305, -0.982619226, -0.12112882, -0.140667111)}) tween2:Play() tablesorting(part2, tween2)
		task.wait(0.13499997615814208)

		if afterframe() then
			return
		end

		--29, 1.9666666984558105
		tween1 = ts:Create(part1, TweenInfo.new(0.34999990463256836, Enum.EasingStyle.Linear, Enum.EasingDirection.In, 0, false, 0), {C0 = CFrame.new(2.21039104, -0.371776402, 0.473780334, -0.0994060412, 0.93235755, -0.347603351, 0.934763312, 0.207244441, 0.288561046, 0.341080815, -0.296242058, -0.892134964)}) tween1:Play() tablesorting(part1, tween1)
		tween6 = ts:Create(part6, TweenInfo.new(0.34999990463256836, Enum.EasingStyle.Linear, Enum.EasingDirection.In, 0, false, 0), {C0 = CFrame.new(-4.47034836e-08, 1, 1.49011612e-08, -0.549082875, -0.829743743, 0.100166649, -0.143468872, 0.21164763, 0.96675849, -0.823361874, 0.516459703, -0.235254481)}) tween6:Play() tablesorting(part6, tween6)
		tween5 = ts:Create(part5, TweenInfo.new(0.34999990463256836, Enum.EasingStyle.Sine, Enum.EasingDirection.Out, 0, false, 0), {C0 = CFrame.new(-1.05079484, -0.483039737, -0.257942557, 0.282305509, -0.000315999612, -0.959324479, -0.589487374, 0.788873911, -0.173731476, 0.756840885, 0.61455512, 0.222517133)}) tween5:Play() tablesorting(part5, tween5)
		tween2 = ts:Create(part2, TweenInfo.new(0.34999990463256836, Enum.EasingStyle.Linear, Enum.EasingDirection.In, 0, false, 0), {C0 = CFrame.new(1.43900633, 0.154873341, -0.0425460935, 0.0426455587, -0.974428713, 0.220612779, -0.144282341, 0.212492362, 0.966452241, -0.988617182, -0.0730454549, -0.131531)}) tween2:Play() tablesorting(part2, tween2)
		tween4 = ts:Create(part4, TweenInfo.new(0.34999990463256836, Enum.EasingStyle.Sine, Enum.EasingDirection.In, 0, false, 0), {C0 = CFrame.new(1.31707084, -0.384060979, -0.70279181, 0.203106374, 0.00614752993, 0.979137361, -0.632222772, 0.764415622, 0.126345053, -0.747691274, -0.644694448, 0.159144297)}) tween4:Play() tablesorting(part4, tween4)
		tween3 = ts:Create(part3, TweenInfo.new(0.04999995231628418, Enum.EasingStyle.Linear, Enum.EasingDirection.In, 0, false, 0), {C0 = CFrame.new(-0.840598285, 0.371825993, 0.331446886, -0.663641512, 0.569365382, -0.485183507, -0.704853296, -0.693165302, 0.150675952, -0.250522554, 0.441978008, 0.861332357)}) tween3:Play() tablesorting(part3, tween3)
		task.wait(0.03499995231628418)

		if afterframe() then
			return
		end

		--30, 2.0166666507720947
		tween3 = ts:Create(part3, TweenInfo.new(0.2999999523162842, Enum.EasingStyle.Linear, Enum.EasingDirection.In, 0, false, 0), {C0 = CFrame.new(-0.843632936, 0.381941974, 0.308205396, -0.663641393, 0.586670935, -0.464109063, -0.704853356, -0.698196709, 0.125311643, -0.250522673, 0.410290837, 0.876869202)}) tween3:Play() tablesorting(part3, tween3)
		task.wait(0.28499995231628417)

		if afterframe() then
			return
		end

		--31, 2.316666603088379
		tween1 = ts:Create(part1, TweenInfo.new(0.13333344459533691, Enum.EasingStyle.Linear, Enum.EasingDirection.In, 0, false, 0), {C0 = CFrame.new(2.13969636, -0.424712837, 0.473780632, -0.0762476325, 0.931864023, -0.354705364, 0.914671063, 0.206990659, 0.347177207, 0.396942586, -0.297967285, -0.868131638)}) tween1:Play() tablesorting(part1, tween1)
		tween6 = ts:Create(part6, TweenInfo.new(0.2666666507720947, Enum.EasingStyle.Linear, Enum.EasingDirection.In, 0, false, 0), {C0 = CFrame.new(5.96046448e-08, 1, -4.47034836e-08, -0.531625211, -0.835920095, 0.13642703, -0.147862539, 0.250198543, 0.956837237, -0.833973289, 0.488506436, -0.256613106)}) tween6:Play() tablesorting(part6, tween6)
		tween5 = ts:Create(part5, TweenInfo.new(0.2666666507720947, Enum.EasingStyle.Linear, Enum.EasingDirection.In, 0, false, 0), {C0 = CFrame.new(-0.914778709, -0.73316133, -0.144175887, 0.126037329, 0.192648873, -0.973140001, -0.634165645, 0.769994617, 0.0702983141, 0.762855411, 0.608271658, 0.219219714)}) tween5:Play() tablesorting(part5, tween5)
		tween2 = ts:Create(part2, TweenInfo.new(0.2666666507720947, Enum.EasingStyle.Linear, Enum.EasingDirection.In, 0, false, 0), {C0 = CFrame.new(1.3812623, 0.20026952, -0.036949873, -0.2160106, -0.894826293, 0.390673161, -0.0252304822, 0.405101418, 0.913923681, -0.97606504, 0.187560216, -0.110083088)}) tween2:Play() tablesorting(part2, tween2)
		tween4 = ts:Create(part4, TweenInfo.new(0.2666666507720947, Enum.EasingStyle.Linear, Enum.EasingDirection.In, 0, false, 0), {C0 = CFrame.new(1.20999265, 0.381960869, -0.748271763, 0.151345089, -0.0901394486, 0.984362483, -0.0726881623, 0.992122531, 0.102025792, -0.985804856, -0.0869925171, 0.143600792)}) tween4:Play() tablesorting(part4, tween4)
		tween3 = ts:Create(part3, TweenInfo.new(0.03333330154418945, Enum.EasingStyle.Linear, Enum.EasingDirection.In, 0, false, 0), {C0 = CFrame.new(-0.847112834, 0.390622139, 0.287121713, -0.668843865, 0.582423329, -0.461986303, -0.698474526, -0.705108345, 0.122295685, -0.254522681, 0.404482394, 0.878414869)}) tween3:Play() tablesorting(part3, tween3)
		task.wait(0.018333301544189454)

		if afterframe() then
			return
		end

		--32, 2.3499999046325684
		tween3 = ts:Create(part3, TweenInfo.new(0.10000014305114746, Enum.EasingStyle.Linear, Enum.EasingDirection.In, 0, false, 0), {C0 = CFrame.new(-0.85755223, 0.416661978, 0.223869935, -0.684218109, 0.569346428, -0.455730706, -0.678956389, -0.725415826, 0.113096416, -0.266203433, 0.386804074, 0.882903755)}) tween3:Play() tablesorting(part3, tween3)
		task.wait(0.08500014305114746)

		if afterframe() then
			return
		end

		--33, 2.450000047683716
		tween1 = ts:Create(part1, TweenInfo.new(0.1333332061767578, Enum.EasingStyle.Linear, Enum.EasingDirection.In, 0, false, 0), {C0 = CFrame.new(2.05492377, -0.48082763, 0.473781526, -0.148790509, 0.923726797, -0.352973491, 0.914387822, 0.264425755, 0.30655238, 0.376505852, -0.277142435, -0.8839885)}) tween1:Play() tablesorting(part1, tween1)
		tween3 = ts:Create(part3, TweenInfo.new(0.11666655540466309, Enum.EasingStyle.Linear, Enum.EasingDirection.In, 0, false, 0), {C0 = CFrame.new(-0.865972638, 0.432462335, 0.182767212, -0.666170955, 0.551359773, -0.502214074, -0.701695859, -0.691501617, 0.17160666, -0.252664924, 0.466720909, 0.847544849)}) tween3:Play() tablesorting(part3, tween3)
		task.wait(0.10166655540466309)

		if afterframe() then
			return
		end

		--34, 2.566666603088379
		tween3 = ts:Create(part3, TweenInfo.new(0.016666650772094727, Enum.EasingStyle.Linear, Enum.EasingDirection.In, 0, false, 0), {C0 = CFrame.new(-0.867176235, 0.434718966, 0.176895738, -0.663641274, 0.548431754, -0.508727372, -0.704853177, -0.686205685, 0.179728255, -0.250522107, 0.477852106, 0.841958702)}) tween3:Play() tablesorting(part3, tween3)
		task.wait()

		if afterframe() then
			return
		end

		--35, 2.5833332538604736
		tween1 = ts:Create(part1, TweenInfo.new(0.06666684150695801, Enum.EasingStyle.Linear, Enum.EasingDirection.In, 0, false, 0), {C0 = CFrame.new(2.05492282, -0.475069165, 0.473781168, -0.375830144, 0.846433401, -0.377229512, 0.831228852, 0.487867951, 0.26654017, 0.40964669, -0.213390231, -0.886935472)}) tween1:Play() tablesorting(part1, tween1)
		tween6 = ts:Create(part6, TweenInfo.new(0.11666679382324219, Enum.EasingStyle.Linear, Enum.EasingDirection.In, 0, false, 0), {C0 = CFrame.new(-2.98023224e-08, 1, -2.98023224e-08, -0.988618255, -0.0783997178, 0.12840344, 0.102425516, 0.27439782, 0.956145942, -0.110195234, 0.958415091, -0.263244539)}) tween6:Play() tablesorting(part6, tween6)
		tween5 = ts:Create(part5, TweenInfo.new(0.11666679382324219, Enum.EasingStyle.Linear, Enum.EasingDirection.In, 0, false, 0), {C0 = CFrame.new(-1.14877689, -0.216411114, -1.21491444, 0.194379628, -0.0559346601, -0.979330301, 0.562698364, 0.824133217, 0.064615041, 0.80348438, -0.563627481, 0.191669017)}) tween5:Play() tablesorting(part5, tween5)
		tween2 = ts:Create(part2, TweenInfo.new(0.11666679382324219, Enum.EasingStyle.Linear, Enum.EasingDirection.In, 0, false, 0), {C0 = CFrame.new(1.18985713, 0.440954834, 0.858466864, -0.417009354, -0.746022642, 0.519185364, 0.139231473, 0.512048006, 0.84759748, -0.898174763, 0.425742835, -0.109658971)}) tween2:Play() tablesorting(part2, tween2)
		tween4 = ts:Create(part4, TweenInfo.new(0.11666679382324219, Enum.EasingStyle.Linear, Enum.EasingDirection.In, 0, false, 0), {C0 = CFrame.new(1.19370401, -0.120901465, -0.498099566, 0.0505344868, -0.146064863, 0.987983406, 0.587350011, 0.804436982, 0.0888866782, -0.807753801, 0.5758003, 0.126443043)}) tween4:Play() tablesorting(part4, tween4)
		tween3 = ts:Create(part3, TweenInfo.new(0.11666679382324219, Enum.EasingStyle.Linear, Enum.EasingDirection.In, 0, false, 0), {C0 = CFrame.new(-1.03478956, 0.284505665, 0.0627695322, -0.6351071, -0.0304478202, -0.771823585, -0.769716382, -0.0586454943, 0.635686636, -0.0646193326, 0.997814476, 0.0138100199)}) tween3:Play() tablesorting(part3, tween3)
		task.wait(0.05166684150695801)

		if afterframe() then
			return
		end

		--36, 2.6500000953674316
		tween1 = ts:Create(part1, TweenInfo.new(0.04999995231628418, Enum.EasingStyle.Linear, Enum.EasingDirection.In, 0, false, 0), {C0 = CFrame.new(2.05492401, -0.463553756, 0.473781824, -0.922018826, 0.10648299, -0.372213155, 0.0416295081, 0.983125806, 0.17813161, 0.384900242, 0.148745671, -0.9108935)}) tween1:Play() tablesorting(part1, tween1)
		task.wait(0.03499995231628418)

		if afterframe() then
			return
		end

		--37, 2.700000047683716
		tween1 = ts:Create(part1, TweenInfo.new(0.0666666030883789, Enum.EasingStyle.Linear, Enum.EasingDirection.In, 0, false, 0), {C0 = CFrame.new(2.05492449, -0.45779559, 0.47378239, -0.861595035, -0.428305566, -0.272412628, -0.493027687, 0.833795488, 0.248412982, 0.120739691, 0.348338246, -0.929560661)}) tween1:Play() tablesorting(part1, tween1)
		tween6 = ts:Create(part6, TweenInfo.new(0.0666666030883789, Enum.EasingStyle.Linear, Enum.EasingDirection.In, 0, false, 0), {C0 = CFrame.new(1.11758709e-08, 1, 2.98023224e-08, -0.935193777, 0.346731633, 0.0720415115, 0.151722148, 0.208472371, 0.966188252, 0.319989383, 0.914503396, -0.247568861)}) tween6:Play() tablesorting(part6, tween6)
		tween5 = ts:Create(part5, TweenInfo.new(0.0666666030883789, Enum.EasingStyle.Linear, Enum.EasingDirection.In, 0, false, 0), {C0 = CFrame.new(-1.25987911, -0.213659942, -1.10302591, 0.402619243, -0.0557399057, -0.91366905, 0.516313016, 0.838037372, 0.176393628, 0.755856454, -0.542758584, 0.366188854)}) tween5:Play() tablesorting(part5, tween5)
		tween2 = ts:Create(part2, TweenInfo.new(0.0666666030883789, Enum.EasingStyle.Linear, Enum.EasingDirection.In, 0, false, 0), {C0 = CFrame.new(0.588518023, 0.513321459, 0.758121669, 0.0124597251, -0.828985453, 0.559131861, -0.124123439, 0.553568065, 0.823502541, -0.992188632, -0.0796622038, -0.0959991813)}) tween2:Play() tablesorting(part2, tween2)
		tween4 = ts:Create(part4, TweenInfo.new(0.0666666030883789, Enum.EasingStyle.Linear, Enum.EasingDirection.In, 0, false, 0), {C0 = CFrame.new(1.19151282, -0.159830749, -0.47431311, -0.053938929, 0.38892284, 0.919689953, 0.33445105, 0.874868572, -0.350353271, -0.940868318, 0.288693517, -0.177265078)}) tween4:Play() tablesorting(part4, tween4)
		tween3 = ts:Create(part3, TweenInfo.new(0.0666666030883789, Enum.EasingStyle.Linear, Enum.EasingDirection.In, 0, false, 0), {C0 = CFrame.new(-0.65776509, 0.156545043, -0.939727187, -0.491884768, 0.451594561, -0.744387984, -0.811261892, 0.0726560876, 0.580152512, 0.31607762, 0.88926053, 0.330621988)}) tween3:Play() tablesorting(part3, tween3)
		task.wait(0.05166660308837891)

		if afterframe() then
			return
		end

		--38, 2.7666666507720947
		tween1 = ts:Create(part1, TweenInfo.new(0.0666666030883789, Enum.EasingStyle.Linear, Enum.EasingDirection.In, 0, false, 0), {C0 = CFrame.new(2.05492401, -0.45203799, 0.47378248, -0.732674122, 0.619888783, -0.280938685, 0.568557739, 0.78438282, 0.247963563, 0.374073178, 0.0219466612, -0.927139699)}) tween1:Play() tablesorting(part1, tween1)
		tween6 = ts:Create(part6, TweenInfo.new(0.0666666030883789, Enum.EasingStyle.Linear, Enum.EasingDirection.In, 0, false, 0), {C0 = CFrame.new(7.4505806e-09, 1, 5.96046448e-08, -0.890265346, -0.450261593, 0.0684995949, -0.0533812121, 0.252524436, 0.966117024, -0.452303112, 0.856443882, -0.248849243)}) tween6:Play() tablesorting(part6, tween6)
		tween5 = ts:Create(part5, TweenInfo.new(0.0666666030883789, Enum.EasingStyle.Linear, Enum.EasingDirection.In, 0, false, 0), {C0 = CFrame.new(-1.01023769, 0.00653707981, -1.21707129, -0.132312983, -0.0528435335, -0.989798427, 0.511926532, 0.851446748, -0.113889873, 0.848778725, -0.521773219, -0.0856047869)}) tween5:Play() tablesorting(part5, tween5)
		tween2 = ts:Create(part2, TweenInfo.new(0.0666666030883789, Enum.EasingStyle.Linear, Enum.EasingDirection.In, 0, false, 0), {C0 = CFrame.new(1.05365443, 0.290020645, -1.10303438, -0.604012728, -0.612465978, 0.509955049, 0.574620366, 0.108710468, 0.811168551, -0.552250266, 0.782986701, 0.286272705)}) tween2:Play() tablesorting(part2, tween2)
		tween4 = ts:Create(part4, TweenInfo.new(0.0666666030883789, Enum.EasingStyle.Linear, Enum.EasingDirection.In, 0, false, 0), {C0 = CFrame.new(1.18932152, -0.198760331, -0.450526416, -0.0477133095, -0.142978162, 0.988575041, 0.384234846, 0.910920382, 0.150291905, -0.92200166, 0.387015909, 0.0114741921)}) tween4:Play() tablesorting(part4, tween4)
		tween3 = ts:Create(part3, TweenInfo.new(0.016666650772094727, Enum.EasingStyle.Linear, Enum.EasingDirection.In, 0, false, 0), {C0 = CFrame.new(-0.67066437, 0.173214227, -0.519616067, -0.479523182, 0.0625970736, -0.875293434, -0.842938483, 0.244431943, 0.479278445, 0.243951082, 0.967643738, -0.0644453168)}) tween3:Play() tablesorting(part3, tween3)
		task.wait()

		if afterframe() then
			return
		end

		--39, 2.7833333015441895
		tween3 = ts:Create(part3, TweenInfo.new(0.04999995231628418, Enum.EasingStyle.Linear, Enum.EasingDirection.In, 0, false, 0), {C0 = CFrame.new(-0.709370255, 0.223214507, 0.740711212, -0.364844322, 0.573115647, -0.733775854, -0.785549164, 0.23357828, 0.573022902, 0.499802589, 0.785480618, 0.364991128)}) tween3:Play() tablesorting(part3, tween3)
		task.wait(0.03499995231628418)

		if afterframe() then
			return
		end

		--40, 2.8333332538604736
		tween1 = ts:Create(part1, TweenInfo.new(0.05000019073486328, Enum.EasingStyle.Linear, Enum.EasingDirection.In, 0, false, 0), {C0 = CFrame.new(2.05492449, -0.45779559, 0.47378239, -0.861595035, -0.428305566, -0.272412628, -0.493027687, 0.833795488, 0.248412982, 0.120739691, 0.348338246, -0.929560661)}) tween1:Play() tablesorting(part1, tween1)
		tween6 = ts:Create(part6, TweenInfo.new(0.05000019073486328, Enum.EasingStyle.Linear, Enum.EasingDirection.In, 0, false, 0), {C0 = CFrame.new(3.7252903e-08, 1, 0, -0.891208827, 0.448705971, 0.0664079562, 0.170421347, 0.19555372, 0.965772033, 0.42036128, 0.872021675, -0.250748187)}) tween6:Play() tablesorting(part6, tween6)
		tween5 = ts:Create(part5, TweenInfo.new(0.05000019073486328, Enum.EasingStyle.Linear, Enum.EasingDirection.In, 0, false, 0), {C0 = CFrame.new(-1.00986826, -0.0298443437, -1.17307997, 0.389107168, -0.0949074328, -0.916290462, 0.171258524, 0.98479104, -0.0292768218, 0.905133247, -0.145530716, 0.399442881)}) tween5:Play() tablesorting(part5, tween5)
		tween2 = ts:Create(part2, TweenInfo.new(0.016666650772094727, Enum.EasingStyle.Linear, Enum.EasingDirection.In, 0, false, 0), {C0 = CFrame.new(0.898611188, 0.364453614, -0.482646585, -0.753695846, 0.0809224918, 0.652222574, 0.657154202, 0.107188709, 0.746096134, -0.00953507423, 0.990940213, -0.133966208)}) tween2:Play() tablesorting(part2, tween2)
		tween4 = ts:Create(part4, TweenInfo.new(0.05000019073486328, Enum.EasingStyle.Linear, Enum.EasingDirection.In, 0, false, 0), {C0 = CFrame.new(0.93817395, 0.29968679, -0.442338288, -0.035282582, -0.140609056, 0.989436805, 0.380841851, 0.913454533, 0.143391714, -0.923967183, 0.381877542, 0.0213210285)}) tween4:Play() tablesorting(part4, tween4)
		tween3 = ts:Create(part3, TweenInfo.new(0.05000019073486328, Enum.EasingStyle.Linear, Enum.EasingDirection.In, 0, false, 0), {C0 = CFrame.new(-0.65776509, 0.156545043, -0.939727187, -0.491884768, 0.451594561, -0.744387984, -0.811261892, 0.0726560876, 0.580152512, 0.31607762, 0.88926053, 0.330621988)}) tween3:Play() tablesorting(part3, tween3)
		task.wait()

		if afterframe() then
			return
		end

		--41, 2.8499999046325684
		tween2 = ts:Create(part2, TweenInfo.new(0.033333539962768555, Enum.EasingStyle.Linear, Enum.EasingDirection.In, 0, false, 0), {C0 = CFrame.new(0.588518023, 0.513321459, 0.758121669, 0.0124597251, -0.828985453, 0.559131861, -0.124123439, 0.553568065, 0.823502541, -0.992188632, -0.0796622038, -0.0959991813)}) tween2:Play() tablesorting(part2, tween2)
		task.wait(0.018333539962768555)

		if afterframe() then
			return
		end

		--42, 2.883333444595337
		tween1 = ts:Create(part1, TweenInfo.new(0.0666666030883789, Enum.EasingStyle.Linear, Enum.EasingDirection.In, 0, false, 0), {C0 = CFrame.new(2.05492401, -0.45203799, 0.47378248, -0.732674122, 0.619888783, -0.280938685, 0.568557739, 0.78438282, 0.247963563, 0.374073178, 0.0219466612, -0.927139699)}) tween1:Play() tablesorting(part1, tween1)
		tween6 = ts:Create(part6, TweenInfo.new(0.0666666030883789, Enum.EasingStyle.Linear, Enum.EasingDirection.In, 0, false, 0), {C0 = CFrame.new(1.49011612e-08, 1, -2.98023224e-08, -0.849397182, -0.524006367, 0.0627851337, -0.080782339, 0.246656924, 0.96573019, -0.521535218, 0.815216541, -0.251840055)}) tween6:Play() tablesorting(part6, tween6)
		tween5 = ts:Create(part5, TweenInfo.new(0.0666666030883789, Enum.EasingStyle.Linear, Enum.EasingDirection.In, 0, false, 0), {C0 = CFrame.new(-0.780774772, 0.488236189, -1.1278336, 0.386677504, -0.0905625224, -0.917757571, 0.164357811, 0.986002266, -0.0280481912, 0.907450855, -0.139995068, 0.396149725)}) tween5:Play() tablesorting(part5, tween5)
		tween2 = ts:Create(part2, TweenInfo.new(0.0666666030883789, Enum.EasingStyle.Linear, Enum.EasingDirection.In, 0, false, 0), {C0 = CFrame.new(1.05365443, 0.290020645, -1.10303438, -0.604012728, -0.612465978, 0.509955049, 0.574620366, 0.108710468, 0.811168551, -0.552250266, 0.782986701, 0.286272705)}) tween2:Play() tablesorting(part2, tween2)
		tween4 = ts:Create(part4, TweenInfo.new(0.0666666030883789, Enum.EasingStyle.Linear, Enum.EasingDirection.In, 0, false, 0), {C0 = CFrame.new(0.926625609, -0.369650841, -0.24295491, -0.0187143385, -0.137338609, 0.990347505, 0.376169801, 0.916775286, 0.134244293, -0.926362932, 0.375050962, 0.0345045775)}) tween4:Play() tablesorting(part4, tween4)
		tween3 = ts:Create(part3, TweenInfo.new(0.016666650772094727, Enum.EasingStyle.Linear, Enum.EasingDirection.In, 0, false, 0), {C0 = CFrame.new(-0.670665145, 0.17321676, -0.519614339, -0.479111373, 0.0477823392, -0.876452208, -0.844315946, 0.247891039, 0.475058675, 0.239964068, 0.967608631, -0.0784240961)}) tween3:Play() tablesorting(part3, tween3)
		task.wait()

		if afterframe() then
			return
		end

		--43, 2.9000000953674316
