function animation(character)
	local canceldb = false
	local root = character:FindFirstChild("HumanoidRootPart", true)
	local part1 = character["HumanoidRootPart"]["RootJoint"]	
	local part2 = character["Torso"]["Right Shoulder"]
	local part3 = character["Torso"]["Left Shoulder"]
	local part4 = character["Torso"]["Right Hip"]
	local part5 = character["Torso"]["Left Hip"]
	local part6 = character["Torso"]["Neck"]
	local val = 2 --Action
	local tweens = {}
	local function tablesorting(part, tween)
		for i, v in pairs(tweens) do
			if v.Instance == part then
				table.remove(tweens, table.find(tweens, v))
			end
		end
		table.insert(tweens, tween)
	end
	local ts = game:GetService("TweenService")
	local tween1, tween2, tween3, tween4, tween5, tween6

	local priority = root:FindFirstChild("priority")
	if not priority then
		priority = Instance.new("NumberValue", root)
		priority.Name = "priority"
	end

	local anims = root:FindFirstChild("anims")
	if not anims then
		anims = Instance.new("Folder", root)
		anims.Name = "anims"
	end
	local animvalue = anims:FindFirstChild("bad")
	if not animvalue then
		animvalue = Instance.new("BoolValue", anims)
		animvalue.Value = true
		animvalue.Name = "bad"
	end
	animvalue.Value = true

	local function afterframe()
		if canceldb or not character or not part1 then
			return true
		else
			return false
		end
	end

	if afterframe() then
		animvalue.Value = false
		return false
	end
	priority.Value = val
	local connect
	local connect2
	connect = priority.Changed:Connect(function()
		if priority.Value > val then
			for i, v in pairs(tweens) do
				if v and v.PlaybackState == Enum.PlaybackState.Playing then
					v:Cancel()
				end
			end
			canceldb = true
			connect2:Disconnect()
			connect:Disconnect()
		else
			priority.Value = val
		end
	end)
	connect2 = animvalue.Changed:Connect(function()
		if not animvalue.Value then
			for i, v in pairs(tweens) do
				if v and v.PlaybackState == Enum.PlaybackState.Playing then
					v:Cancel()
				end
			end
			canceldb = true
			connect:Disconnect()
			if priority.Value <= val then
				priority.Value = 0
			end
			connect2:Disconnect()
		--smooth transition
		tween1 = ts:Create(part1, TweenInfo.new(0.5), {C0 = CFrame.new(0, 0, 0, -1, -0, -0, 0, 0, 1, 0, 1, 0)}) tween1:Play() tablesorting(part1, tween1)
		tween2 = ts:Create(part2, TweenInfo.new(0.5), {C0 = CFrame.new(1, 0.5, 0, 0, 0, 1, 0, 1, 0, -1, -0, -0)}) tween2:Play() tablesorting(part2, tween2)
		tween3 = ts:Create(part3, TweenInfo.new(0.5), {C0 = CFrame.new(-1, 0.5, 0, -0, -0, -1, 0, 1, 0, 1, 0, 0)}) tween3:Play() tablesorting(part3, tween3)
		tween4 = ts:Create(part4, TweenInfo.new(0.5), {C0 = CFrame.new(1, -1, 0, 0, 0, 1, 0, 1, 0, -1, -0, -0)}) tween4:Play() tablesorting(part4, tween4)
		tween5 = ts:Create(part5, TweenInfo.new(0.5), {C0 = CFrame.new(-1, -1, 0, -0, -0, -1, 0, 1, 0, 1, 0, 0)}) tween5:Play() tablesorting(part5, tween5)
		tween6 = ts:Create(part6, TweenInfo.new(0.5), {C0 = CFrame.new(0, 1, 0, -1, -0, -0, 0, 0, 1, 0, 1, 0)}) tween6:Play() tablesorting(part6, tween6)
		end
	end)
	if true then
		--1, 0
		tween1 = ts:Create(part1, TweenInfo.new(0.03333333507180214, Enum.EasingStyle.Linear, Enum.EasingDirection.In, 0, false, 0), {C0 = CFrame.new(-0.202992618, -0.302029371, 1.73530912, -0.720249116, 0.645968497, 0.252914995, 0.411931008, 0.104905047, 0.905156314, 0.558170497, 0.756121576, -0.341652274)}) tween1:Play() tablesorting(part1, tween1)
		tween6 = ts:Create(part6, TweenInfo.new(0.03333333507180214, Enum.EasingStyle.Linear, Enum.EasingDirection.In, 0, false, 0), {C0 = CFrame.new(-1.41561031e-07, 1.00000024, -5.96046448e-08, -0.732012093, -0.655199826, 0.186739504, -0.437522769, 0.662197471, 0.608332574, -0.522237778, 0.363603741, -0.771401286)}) tween6:Play() tablesorting(part6, tween6)
		tween5 = ts:Create(part5, TweenInfo.new(0.03333333507180214, Enum.EasingStyle.Linear, Enum.EasingDirection.In, 0, false, 0), {C0 = CFrame.new(-0.973726749, -1.47495615, 0.103320062, 0.327071458, -0.688466311, -0.647332788, -0.121378392, 0.648729324, -0.751279294, 0.937172651, 0.324293882, 0.128616363)}) tween5:Play() tablesorting(part5, tween5)
		tween2 = ts:Create(part2, TweenInfo.new(0.03333333507180214, Enum.EasingStyle.Linear, Enum.EasingDirection.In, 0, false, 0), {C0 = CFrame.new(0.914456367, 0.367100805, 0.0543604195, -0.757177949, -0.553197265, 0.347362071, 0.538674593, -0.228015989, 0.81107533, -0.369479597, 0.801239729, 0.470640123)}) tween2:Play() tablesorting(part2, tween2)
		tween4 = ts:Create(part4, TweenInfo.new(0.03333333507180214, Enum.EasingStyle.Linear, Enum.EasingDirection.In, 0, false, 0), {C0 = CFrame.new(0.853901863, -0.241794705, -0.521561861, 0.493982583, -0.263623714, 0.828543365, -0.646539271, 0.525777936, 0.552761316, -0.581350863, -0.80874002, 0.0892817527)}) tween4:Play() tablesorting(part4, tween4)
		tween3 = ts:Create(part3, TweenInfo.new(0.03333333507180214, Enum.EasingStyle.Linear, Enum.EasingDirection.In, 0, false, 0), {C0 = CFrame.new(-0.551805317, 0.273512304, 0.399585009, 0.258002639, 0.703418374, -0.662299156, -0.234392524, 0.710599422, 0.663407862, 0.937281489, -0.015922755, 0.348212153)}) tween3:Play() tablesorting(part3, tween3)
		task.wait(0.01833333507180214)

		if afterframe() then
			return
		end

		--2, 0.03333333507180214
		tween1 = ts:Create(part1, TweenInfo.new(0.0833333320915699, Enum.EasingStyle.Linear, Enum.EasingDirection.In, 0, false, 0), {C0 = CFrame.new(-0.203013211, -0.474737227, 2.58335876, -0.949740767, 0.188690364, 0.24977684, 0.308040559, 0.421339214, 0.852985561, 0.0557093769, 0.88705653, -0.458287299)}) tween1:Play() tablesorting(part1, tween1)
		tween6 = ts:Create(part6, TweenInfo.new(0.11666667088866234, Enum.EasingStyle.Linear, Enum.EasingDirection.In, 0, false, 0), {C0 = CFrame.new(-5.21540642e-08, 1.00000012, -8.94069672e-08, -0.988505721, 0.0139120109, 0.150541887, 0.114986971, 0.715674758, 0.688903272, -0.0981549919, 0.698295176, -0.709048271)}) tween6:Play() tablesorting(part6, tween6)
		tween5 = ts:Create(part5, TweenInfo.new(0.11666667088866234, Enum.EasingStyle.Linear, Enum.EasingDirection.In, 0, false, 0), {C0 = CFrame.new(-0.916301668, -1.07594728, 0.330152035, 0.46789065, -0.357542843, -0.808233142, 0.0297544003, 0.920366824, -0.389923334, 0.883285165, 0.158393323, 0.441269457)}) tween5:Play() tablesorting(part5, tween5)
		tween2 = ts:Create(part2, TweenInfo.new(0.0833333320915699, Enum.EasingStyle.Linear, Enum.EasingDirection.In, 0, false, 0), {C0 = CFrame.new(0.66628468, 0.325568199, 0.103450626, -0.508530498, -0.824167848, 0.24928771, 0.750312448, -0.282123864, 0.597861052, -0.422407568, 0.491074324, 0.761851788)}) tween2:Play() tablesorting(part2, tween2)
		tween4 = ts:Create(part4, TweenInfo.new(0.11666667088866234, Enum.EasingStyle.Linear, Enum.EasingDirection.In, 0, false, 0), {C0 = CFrame.new(0.611673355, 0.221046686, -0.703584313, 0.148428977, -0.437870085, 0.886701226, -0.293687046, 0.836663842, 0.462322325, -0.944307864, -0.329034537, -0.00441193581)}) tween4:Play() tablesorting(part4, tween4)
		tween3 = ts:Create(part3, TweenInfo.new(0.3499999903142452, Enum.EasingStyle.Linear, Enum.EasingDirection.In, 0, false, 0), {C0 = CFrame.new(-0.687895477, 0.538438976, -0.0256052427, 0.0321955979, 0.699428558, -0.713979602, -0.458023399, 0.645251572, 0.611447155, 0.888358176, 0.30733344, 0.341128588)}) tween3:Play() tablesorting(part3, tween3)
		task.wait(0.0683333320915699)

		if afterframe() then
			return
		end

		--3, 0.11666666716337204
		tween1 = ts:Create(part1, TweenInfo.new(0.03333333879709244, Enum.EasingStyle.Linear, Enum.EasingDirection.In, 0, false, 0), {C0 = CFrame.new(-0.203033566, -0.511767745, 2.80443215, -0.967101932, 0.0640703589, 0.246188626, 0.245451257, 0.48929134, 0.836867809, -0.066839546, 0.869763732, -0.488920778)}) tween1:Play() tablesorting(part1, tween1)
		tween2 = ts:Create(part2, TweenInfo.new(0.1666666641831398, Enum.EasingStyle.Linear, Enum.EasingDirection.In, 0, false, 0), {C0 = CFrame.new(0.633046091, 0.296307445, 0.102599978, 0.1261895, -0.991752148, -0.0224496126, 0.948498309, 0.113995433, 0.295560807, -0.290563822, -0.0585899949, 0.955060244)}) tween2:Play() tablesorting(part2, tween2)
		task.wait(0.01833333879709244)

		if afterframe() then
			return
		end

		--4, 0.15000000596046448
		tween1 = ts:Create(part1, TweenInfo.new(0.03333333134651184, Enum.EasingStyle.Linear, Enum.EasingDirection.In, 0, false, 0), {C0 = CFrame.new(-0.203046128, -0.54880619, 3.01981831, -0.967048705, -0.0618018284, 0.246976301, 0.174087629, 0.547330856, 0.818610013, -0.185769349, 0.834631324, -0.518536687)}) tween1:Play() tablesorting(part1, tween1)
		tween6 = ts:Create(part6, TweenInfo.new(0.13333332538604736, Enum.EasingStyle.Linear, Enum.EasingDirection.In, 0, false, 0), {C0 = CFrame.new(7.4505806e-09, 0.99999994, 5.96046448e-08, -0.914241612, 0.383723378, 0.13007158, 0.307251424, 0.447327703, 0.83993721, 0.264118969, 0.807870209, -0.526865125)}) tween6:Play() tablesorting(part6, tween6)
		tween5 = ts:Create(part5, TweenInfo.new(0.3333333134651184, Enum.EasingStyle.Linear, Enum.EasingDirection.In, 0, false, 0), {C0 = CFrame.new(-0.942467928, -1.02236319, 0.230698034, 0.662636101, -0.341114521, -0.666748464, 0.466661513, 0.884363711, 0.0113345385, 0.585781336, -0.318657011, 0.745196462)}) tween5:Play() tablesorting(part5, tween5)
		tween4 = ts:Create(part4, TweenInfo.new(0.23333331942558289, Enum.EasingStyle.Linear, Enum.EasingDirection.In, 0, false, 0), {C0 = CFrame.new(0.701004624, -0.102309406, -0.783370972, -0.292583734, -0.167122364, 0.941522598, 0.452920288, 0.842939854, 0.290371358, -0.84217453, 0.511392653, -0.170937389)}) tween4:Play() tablesorting(part4, tween4)
		task.wait(0.01833333134651184)

		if afterframe() then
			return
		end

		--5, 0.18333333730697632
		tween1 = ts:Create(part1, TweenInfo.new(0.09999999403953552, Enum.EasingStyle.Linear, Enum.EasingDirection.In, 0, false, 0), {C0 = CFrame.new(-0.202993482, -0.548930645, 3.5620811, -0.968035579, -0.191482037, 0.161993474, 0.0101138651, 0.615546525, 0.78803581, -0.250609219, 0.764485002, -0.593934298)}) tween1:Play() tablesorting(part1, tween1)
		task.wait(0.08499999403953552)

		if afterframe() then
			return
		end

		--6, 0.28333333134651184
		tween1 = ts:Create(part1, TweenInfo.new(0.09999999403953552, Enum.EasingStyle.Linear, Enum.EasingDirection.In, 0, false, 0), {C0 = CFrame.new(-0.203068316, -0.503453851, 4.1522851, -0.964923501, -0.230780974, 0.125151366, -0.0152668729, 0.52523005, 0.850823402, -0.262087107, 0.819068789, -0.510330081)}) tween1:Play() tablesorting(part1, tween1)
		tween6 = ts:Create(part6, TweenInfo.new(0.11666667461395264, Enum.EasingStyle.Linear, Enum.EasingDirection.In, 0, false, 0), {C0 = CFrame.new(1.67638063e-08, 1.00000024, -2.90572643e-07, -0.949826181, 0.312590957, -0.0108265281, 0.00214234344, 0.0411152542, 0.999152184, 0.312770844, 0.948997557, -0.0397222564)}) tween6:Play() tablesorting(part6, tween6)
		tween2 = ts:Create(part2, TweenInfo.new(0.13333332538604736, Enum.EasingStyle.Linear, Enum.EasingDirection.In, 0, false, 0), {C0 = CFrame.new(0.976932883, 0.31593281, 0.022698462, 0.641514719, -0.754634321, -0.137811244, 0.759640038, 0.599907041, 0.251124889, -0.106832772, -0.265786737, 0.958095372)}) tween2:Play() tablesorting(part2, tween2)
		task.wait(0.08499999403953552)

		if afterframe() then
			return
		end

		--7, 0.38333332538604736
		tween1 = ts:Create(part1, TweenInfo.new(0.03333333134651184, Enum.EasingStyle.Linear, Enum.EasingDirection.In, 0, false, 0), {C0 = CFrame.new(-0.211705208, -0.490721941, 4.35221481, -0.967890322, -0.229768962, 0.101953998, -0.0288180411, 0.504339278, 0.863024592, -0.249715656, 0.83237499, -0.494766593)}) tween1:Play() tablesorting(part1, tween1)
		tween4 = ts:Create(part4, TweenInfo.new(0.09999999403953552, Enum.EasingStyle.Linear, Enum.EasingDirection.In, 0, false, 0), {C0 = CFrame.new(0.73928988, -0.240890503, -0.817565799, -0.366689622, -0.0424264222, 0.929375589, 0.544752538, 0.800009489, 0.251455545, -0.754177451, 0.598485649, -0.270243585)}) tween4:Play() tablesorting(part4, tween4)
		tween3 = ts:Create(part3, TweenInfo.new(0.1666666865348816, Enum.EasingStyle.Linear, Enum.EasingDirection.In, 0, false, 0), {C0 = CFrame.new(-0.597384036, 0.341927171, 0.316708624, -0.316560596, 0.722374201, -0.614790976, -0.628333688, 0.325855672, 0.706411123, 0.710625291, 0.609915137, 0.350738704)}) tween3:Play() tablesorting(part3, tween3)
		task.wait()

		if afterframe() then
			return
		end

		--8, 0.4000000059604645
		tween6 = ts:Create(part6, TweenInfo.new(0.11666664481163025, Enum.EasingStyle.Linear, Enum.EasingDirection.In, 0, false, 0), {C0 = CFrame.new(-3.35276127e-08, 1, -5.68106771e-08, -0.981101871, 0.183245972, -0.0621292591, -0.0640500784, -0.00457646139, 0.997936189, 0.182583466, 0.983056486, 0.0162268914)}) tween6:Play() tablesorting(part6, tween6)
		task.wait()

		if afterframe() then
			return
		end

		--9, 0.4166666567325592
		tween1 = ts:Create(part1, TweenInfo.new(0.06666666269302368, Enum.EasingStyle.Linear, Enum.EasingDirection.In, 0, false, 0), {C0 = CFrame.new(-0.228974581, -0.465211987, 4.56502104, -0.972541511, -0.226009309, 0.0555225685, -0.056801416, 0.461867392, 0.88512826, -0.225691289, 0.857670248, -0.462022901)}) tween1:Play() tablesorting(part1, tween1)
		tween2 = ts:Create(part2, TweenInfo.new(0.13333335518836975, Enum.EasingStyle.Linear, Enum.EasingDirection.In, 0, false, 0), {C0 = CFrame.new(1.17152488, 0.329013109, -0.326408744, 0.63405025, -0.74427259, 0.209853321, 0.583249211, 0.638466239, 0.502176881, -0.507740974, -0.196008682, 0.838916063)}) tween2:Play() tablesorting(part2, tween2)
		task.wait(0.05166666269302368)

		if afterframe() then
			return
		end

		--10, 0.4833333194255829
		tween1 = ts:Create(part1, TweenInfo.new(0.03333333134651184, Enum.EasingStyle.Linear, Enum.EasingDirection.In, 0, false, 0), {C0 = CFrame.new(-0.287276208, -0.456614375, 4.57049179, -0.97668767, -0.21283859, 0.0279449802, -0.0734145045, 0.453509867, 0.888222456, -0.20172134, 0.86546433, -0.458562911)}) tween1:Play() tablesorting(part1, tween1)
		tween5 = ts:Create(part5, TweenInfo.new(0.06666669249534607, Enum.EasingStyle.Linear, Enum.EasingDirection.In, 0, false, 0), {C0 = CFrame.new(-0.930586815, -1.08824587, 0.257019103, 0.619395792, -0.320023656, -0.716891766, 0.44370085, 0.896020889, -0.0166292936, 0.6476717, -0.307785541, 0.696986318)}) tween5:Play() tablesorting(part5, tween5)
		tween4 = ts:Create(part4, TweenInfo.new(0.06666669249534607, Enum.EasingStyle.Linear, Enum.EasingDirection.In, 0, false, 0), {C0 = CFrame.new(0.777356982, -0.297443926, -0.739270687, -0.356823325, -0.0790114403, 0.930824518, 0.533671021, 0.800575256, 0.272533506, -0.766728342, 0.59400034, -0.243497819)}) tween4:Play() tablesorting(part4, tween4)
		task.wait(0.01833333134651184)

		if afterframe() then
			return
		end

		--11, 0.5166666507720947
		tween1 = ts:Create(part1, TweenInfo.new(0.03333336114883423, Enum.EasingStyle.Linear, Enum.EasingDirection.In, 0, false, 0), {C0 = CFrame.new(-0.345544249, -0.447954416, 4.54311848, -0.979932666, -0.199328363, 0.000410947949, -0.0902163982, 0.445355982, 0.8907969, -0.177744091, 0.872883916, -0.454401582)}) tween1:Play() tablesorting(part1, tween1)
		tween6 = ts:Create(part6, TweenInfo.new(0.13333332538604736, Enum.EasingStyle.Linear, Enum.EasingDirection.In, 0, false, 0), {C0 = CFrame.new(-2.60770321e-08, 1.00000024, -6.14672899e-08, -0.998877168, 0.0305916369, -0.0361743942, -0.0347698033, 0.0452628806, 0.998369873, 0.0321791247, 0.998506606, -0.044148393)}) tween6:Play() tablesorting(part6, tween6)
		task.wait(0.01833336114883423)

		if afterframe() then
			return
		end

		--12, 0.550000011920929
		tween1 = ts:Create(part1, TweenInfo.new(0.06666666269302368, Enum.EasingStyle.Linear, Enum.EasingDirection.In, 0, false, 0), {C0 = CFrame.new(-0.400266588, -0.492364526, 4.63230419, -0.989542246, -0.140329733, -0.0333722048, -0.0965166688, 0.472226053, 0.876177549, -0.107194543, 0.870235682, -0.480831772)}) tween1:Play() tablesorting(part1, tween1)
		tween5 = ts:Create(part5, TweenInfo.new(0.11666667461395264, Enum.EasingStyle.Linear, Enum.EasingDirection.In, 0, false, 0), {C0 = CFrame.new(-0.948108256, -1.03617549, 0.0185642708, 0.536894262, -0.29103449, -0.791860938, 0.417485416, 0.907285213, -0.050394997, 0.733109832, -0.303533822, 0.608619094)}) tween5:Play() tablesorting(part5, tween5)
		tween2 = ts:Create(part2, TweenInfo.new(0.06666666269302368, Enum.EasingStyle.Linear, Enum.EasingDirection.In, 0, false, 0), {C0 = CFrame.new(0.857941628, 0.298957556, -0.424640149, 0.313366115, -0.704297125, 0.636998653, 0.562606573, 0.678080201, 0.472949326, -0.765033007, 0.210173368, 0.608729541)}) tween2:Play() tablesorting(part2, tween2)
		tween4 = ts:Create(part4, TweenInfo.new(0.06666666269302368, Enum.EasingStyle.Linear, Enum.EasingDirection.In, 0, false, 0), {C0 = CFrame.new(0.8154248, -0.353997469, -0.660976291, -0.352064371, -0.0798002854, 0.932567716, 0.600394905, 0.745105147, 0.290421009, -0.718036652, 0.662155807, -0.214413315)}) tween4:Play() tablesorting(part4, tween4)
		tween3 = ts:Create(part3, TweenInfo.new(0.21666663885116577, Enum.EasingStyle.Linear, Enum.EasingDirection.In, 0, false, 0), {C0 = CFrame.new(-0.597390652, 0.341950417, 0.316735327, 0.0013923347, 0.846309364, -0.53269279, -0.241682947, 0.517186463, 0.821041703, 0.970355511, 0.127599448, 0.205258727)}) tween3:Play() tablesorting(part3, tween3)
		task.wait(0.05166666269302368)

		if afterframe() then
			return
		end

		--13, 0.6166666746139526
		tween1 = ts:Create(part1, TweenInfo.new(0.050000011920928955, Enum.EasingStyle.Linear, Enum.EasingDirection.In, 0, false, 0), {C0 = CFrame.new(-0.397648633, -0.532061458, 4.59617662, -0.993549645, -0.106418751, -0.0391690657, -0.087320365, 0.497602761, 0.862998605, -0.0723486021, 0.860852182, -0.503685534)}) tween1:Play() tablesorting(part1, tween1)
		tween2 = ts:Create(part2, TweenInfo.new(0.09999996423721313, Enum.EasingStyle.Linear, Enum.EasingDirection.In, 0, false, 0), {C0 = CFrame.new(0.7273826, 0.36135149, -0.467254132, -0.185149297, -0.57041806, 0.800214291, 0.806312263, 0.377310216, 0.455518872, -0.561765254, 0.729561627, 0.390076399)}) tween2:Play() tablesorting(part2, tween2)
		tween4 = ts:Create(part4, TweenInfo.new(0.050000011920928955, Enum.EasingStyle.Linear, Enum.EasingDirection.In, 0, false, 0), {C0 = CFrame.new(0.834458947, -0.382273793, -0.621829748, -0.347550601, -0.0831714571, 0.933965206, 0.625671744, 0.721310973, 0.297061384, -0.698386431, 0.687599599, -0.198654085)}) tween4:Play() tablesorting(part4, tween4)
		task.wait(0.018333301544189454)

		if afterframe() then
			return
		end

		--14, 0.6499999761581421
		tween6 = ts:Create(part6, TweenInfo.new(0.11666667461395264, Enum.EasingStyle.Linear, Enum.EasingDirection.In, 0, false, 0), {C0 = CFrame.new(1.86264515e-08, 1.00000012, -1.78813934e-07, -0.992239714, -0.093874298, 0.0815357566, 0.0620501265, 0.194420382, 0.978953779, -0.107750937, 0.976415932, -0.187086865)}) tween6:Play() tablesorting(part6, tween6)
		task.wait()

		if afterframe() then
			return
		end

		--15, 0.6666666865348816
		tween1 = ts:Create(part1, TweenInfo.new(0.03333330154418945, Enum.EasingStyle.Linear, Enum.EasingDirection.In, 0, false, 0), {C0 = CFrame.new(-0.396772504, -0.569008827, 4.55210781, -0.994663775, -0.0941351205, -0.0422205776, -0.0853640288, 0.521104515, 0.849213243, -0.0579394549, 0.848285735, -0.526359499)}) tween1:Play() tablesorting(part1, tween1)
		tween5 = ts:Create(part5, TweenInfo.new(0.03333330154418945, Enum.EasingStyle.Linear, Enum.EasingDirection.In, 0, false, 0), {C0 = CFrame.new(-0.967671752, -0.943420887, -0.0173139684, 0.536894262, -0.285042167, -0.794037461, 0.417485565, 0.90763998, -0.0435370728, 0.73311007, -0.308124393, 0.606307685)}) tween5:Play() tablesorting(part5, tween5)
		tween4 = ts:Create(part4, TweenInfo.new(0.09999996423721313, Enum.EasingStyle.Linear, Enum.EasingDirection.In, 0, false, 0), {C0 = CFrame.new(0.857450187, -0.258810103, -0.507105887, -0.346803308, -0.0734638423, 0.935056627, 0.660389781, 0.68880713, 0.299049079, -0.666042864, 0.721212983, -0.190366179)}) tween4:Play() tablesorting(part4, tween4)
		task.wait(0.018333301544189454)

		if afterframe() then
			return
		end

		--16, 0.699999988079071
		tween1 = ts:Create(part1, TweenInfo.new(0.016666650772094727, Enum.EasingStyle.Linear, Enum.EasingDirection.In, 0, false, 0), {C0 = CFrame.new(-0.396327198, -0.587494731, 4.47635841, -0.995152295, -0.0880192891, -0.0438684896, -0.0842383876, 0.532707393, 0.842096627, -0.0507516786, 0.841709852, -0.537539661)}) tween1:Play() tablesorting(part1, tween1)
		tween5 = ts:Create(part5, TweenInfo.new(0.13333332538604736, Enum.EasingStyle.Linear, Enum.EasingDirection.In, 0, false, 0), {C0 = CFrame.new(-1.2218399, -0.464058518, -0.238482326, 0.502221346, -0.332510442, -0.798254728, 0.518426478, 0.854602337, -0.0298142731, 0.692103863, -0.398863047, 0.601581693)}) tween5:Play() tablesorting(part5, tween5)
		task.wait()

		if afterframe() then
			return
		end

		--17, 0.7166666388511658
		tween1 = ts:Create(part1, TweenInfo.new(0.050000011920928955, Enum.EasingStyle.Linear, Enum.EasingDirection.In, 0, false, 0), {C0 = CFrame.new(-0.395011008, -0.642938495, 4.45524216, -0.996342957, -0.069789201, -0.0492970496, -0.080273971, 0.566897869, 0.819867611, -0.0292715095, 0.82082659, -0.570426941)}) tween1:Play() tablesorting(part1, tween1)
		tween2 = ts:Create(part2, TweenInfo.new(0.13333338499069214, Enum.EasingStyle.Linear, Enum.EasingDirection.In, 0, false, 0), {C0 = CFrame.new(0.738887072, 0.587181211, -0.468804896, -0.579480112, 0.261341155, 0.771952152, 0.468660861, -0.668056846, 0.577979684, 0.666755378, 0.696709514, 0.26464498)}) tween2:Play() tablesorting(part2, tween2)
		task.wait(0.035000011920928956)

		if afterframe() then
			return
		end

		--18, 0.7666666507720947
		tween1 = ts:Create(part1, TweenInfo.new(0.08333337306976318, Enum.EasingStyle.Linear, Enum.EasingDirection.In, 0, false, 0), {C0 = CFrame.new(-0.395033121, -0.761458874, 4.2252121, -0.996310055, -0.0656075701, -0.0553349145, -0.0845143571, 0.637610137, 0.765709221, -0.0149542186, 0.767560482, -0.640802085)}) tween1:Play() tablesorting(part1, tween1)
		tween6 = ts:Create(part6, TweenInfo.new(0.15000003576278687, Enum.EasingStyle.Linear, Enum.EasingDirection.In, 0, false, 0), {C0 = CFrame.new(4.1583553e-07, 0.999982893, -2.26125121e-06, -0.99866426, -0.0492609888, -0.0156049058, -0.0096256882, -0.119363517, 0.992802978, -0.0507690534, 0.991627932, 0.118729532)}) tween6:Play() tablesorting(part6, tween6)
		tween4 = ts:Create(part4, TweenInfo.new(0.13333332538604736, Enum.EasingStyle.Linear, Enum.EasingDirection.In, 0, false, 0), {C0 = CFrame.new(0.850355983, 0.0333689451, -0.403140545, -0.334141374, -0.118401892, 0.935056686, 0.564142585, 0.769618154, 0.299048901, -0.755044878, 0.627430439, -0.190366238)}) tween4:Play() tablesorting(part4, tween4)
		tween3 = ts:Create(part3, TweenInfo.new(0.30000007152557373, Enum.EasingStyle.Linear, Enum.EasingDirection.In, 0, false, 0), {C0 = CFrame.new(-0.65823561, 0.352649391, 0.138481766, -0.614378452, 0.741611362, -0.269359618, -0.541963935, -0.148547769, 0.827170372, 0.573425412, 0.654177785, 0.493191063)}) tween3:Play() tablesorting(part3, tween3)
		task.wait(0.05166666269302368)

		if afterframe() then
			return
		end

		--19, 0.8333333134651184
		tween5 = ts:Create(part5, TweenInfo.new(0.08333337306976318, Enum.EasingStyle.Linear, Enum.EasingDirection.In, 0, false, 0), {C0 = CFrame.new(-1.49064183, -0.0967411399, -0.42524749, 0.449708581, -0.400688589, -0.798254907, 0.634925365, 0.771998227, -0.0298144594, 0.628197074, -0.493424594, 0.601581752)}) tween5:Play() tablesorting(part5, tween5)
		task.wait()

		if afterframe() then
			return
		end

		--20, 0.8500000238418579
		tween1 = ts:Create(part1, TweenInfo.new(0.06666666269302368, Enum.EasingStyle.Linear, Enum.EasingDirection.In, 0, false, 0), {C0 = CFrame.new(-0.395027697, -0.811085701, 3.32267308, -0.977455199, -0.19029659, 0.091479972, -0.0855934173, 0.753184855, 0.652216434, -0.193015903, 0.629682362, -0.752492428)}) tween1:Play() tablesorting(part1, tween1)
		tween2 = ts:Create(part2, TweenInfo.new(0.06666666269302368, Enum.EasingStyle.Linear, Enum.EasingDirection.In, 0, false, 0), {C0 = CFrame.new(0.612162709, 0.243462265, -0.0797187984, -0.615141392, -0.0234369487, 0.788068414, 0.511768758, -0.772228718, 0.376504719, 0.599744916, 0.634912431, 0.487024069)}) tween2:Play() tablesorting(part2, tween2)
		task.wait(0.03499995231628418)

		if afterframe() then
			return
		end

		--21, 0.8999999761581421
		tween4 = ts:Create(part4, TweenInfo.new(0.016666710376739502, Enum.EasingStyle.Linear, Enum.EasingDirection.In, 0, false, 0), {C0 = CFrame.new(0.888333261, -0.111175776, -0.359638751, -0.311442167, -0.169332147, 0.935056388, 0.436484158, 0.848558307, 0.299049079, -0.844088554, 0.501273811, -0.19036606)}) tween4:Play() tablesorting(part4, tween4)
		task.wait()

		if afterframe() then
			return
		end

		--22, 0.9166666865348816
		tween1 = ts:Create(part1, TweenInfo.new(0.06666666269302368, Enum.EasingStyle.Linear, Enum.EasingDirection.In, 0, false, 0), {C0 = CFrame.new(-0.395049691, -0.717314243, 2.17140818, -0.938889623, -0.316790044, 0.134649217, -0.147685468, 0.724068701, 0.673731089, -0.310926616, 0.612673402, -0.726605833)}) tween1:Play() tablesorting(part1, tween1)
		tween6 = ts:Create(part6, TweenInfo.new(0.08333331346511841, Enum.EasingStyle.Linear, Enum.EasingDirection.In, 0, false, 0), {C0 = CFrame.new(-1.10757537e-05, 0.999997616, -1.60783529e-05, -0.997691989, 0.0670761168, 0.0105584636, -0.0126581397, -0.336494982, 0.941600144, 0.0667117536, 0.939293325, 0.336567402)}) tween6:Play() tablesorting(part6, tween6)
		tween5 = ts:Create(part5, TweenInfo.new(0.24999994039535522, Enum.EasingStyle.Linear, Enum.EasingDirection.In, 0, false, 0), {C0 = CFrame.new(-1.38542747, 0.239142418, -0.769401431, 0.449708581, -0.400688648, -0.798255086, 0.634925485, 0.771998227, -0.0298143774, 0.628197193, -0.493424594, 0.601581872)}) tween5:Play() tablesorting(part5, tween5)
		tween2 = ts:Create(part2, TweenInfo.new(0.08333331346511841, Enum.EasingStyle.Linear, Enum.EasingDirection.In, 0, false, 0), {C0 = CFrame.new(0.555845439, -0.019824028, 0.215218857, -0.617665827, -0.24622333, 0.746902347, 0.630123913, -0.723212779, 0.282679737, 0.470567048, 0.645242631, 0.601854742)}) tween2:Play() tablesorting(part2, tween2)
		tween4 = ts:Create(part4, TweenInfo.new(0.1333332657814026, Enum.EasingStyle.Linear, Enum.EasingDirection.In, 0, false, 0), {C0 = CFrame.new(1.04950726, -0.674755096, -0.190234318, -0.131650329, -0.329146981, 0.935056388, -0.205660895, 0.93181181, 0.29904902, -0.969727695, -0.152934626, -0.190366)}) tween4:Play() tablesorting(part4, tween4)
		task.wait(0.05166666269302368)

		if afterframe() then
			return
		end

		--23, 0.9833333492279053
		tween1 = ts:Create(part1, TweenInfo.new(0.08333337306976318, Enum.EasingStyle.Linear, Enum.EasingDirection.In, 0, false, 0), {C0 = CFrame.new(-0.395009905, -0.66913873, 0.86736989, -0.935388446, -0.309054792, 0.171853438, -0.107822701, 0.71210295, 0.693746209, -0.336782932, 0.630392432, -0.699415982)}) tween1:Play() tablesorting(part1, tween1)
		task.wait()

		if afterframe() then
			return
		end

		--24, 1
		tween6 = ts:Create(part6, TweenInfo.new(0.13333332538604736, Enum.EasingStyle.Linear, Enum.EasingDirection.In, 0, false, 0), {C0 = CFrame.new(-1.21071935e-05, 1.00000477, -1.65700912e-05, -0.984733641, 0.123379014, 0.122789428, 0.0260645598, -0.592944503, 0.804821372, 0.172105387, 0.79573518, 0.580676556)}) tween6:Play() tablesorting(part6, tween6)
		tween2 = ts:Create(part2, TweenInfo.new(0.13333332538604736, Enum.EasingStyle.Linear, Enum.EasingDirection.In, 0, false, 0), {C0 = CFrame.new(0.510791183, -0.23045373, 0.451169312, -0.622735083, -0.411309123, 0.665601969, 0.673071086, -0.715374708, 0.187657058, 0.398969889, 0.564858139, 0.722328842)}) tween2:Play() tablesorting(part2, tween2)
		task.wait(0.03499995231628418)

		if afterframe() then
			return
		end

		--25, 1.0499999523162842
		tween4 = ts:Create(part4, TweenInfo.new(0.11666667461395264, Enum.EasingStyle.Linear, Enum.EasingDirection.In, 0, false, 0), {C0 = CFrame.new(1.0657177, -0.649202228, -0.198281482, -0.0949366689, -0.341550291, 0.935056984, -0.306140423, 0.903796077, 0.29904893, -0.947241545, -0.257867813, -0.190366328)}) tween4:Play() tablesorting(part4, tween4)
		task.wait()

		if afterframe() then
			return
		end

		--26, 1.0666667222976685
		tween1 = ts:Create(part1, TweenInfo.new(0.09999990463256836, Enum.EasingStyle.Linear, Enum.EasingDirection.In, 0, false, 0), {C0 = CFrame.new(-0.395024657, -0.589586258, 0.671910644, -0.946697474, -0.224043518, 0.231448591, 0.0104389414, 0.696792185, 0.71719718, -0.321954936, 0.681384802, -0.657312572)}) tween1:Play() tablesorting(part1, tween1)
		tween3 = ts:Create(part3, TweenInfo.new(0.23333323001861572, Enum.EasingStyle.Linear, Enum.EasingDirection.In, 0, false, 0), {C0 = CFrame.new(-0.594747663, 0.0889139175, 0.525523424, -0.927985132, 0.28190437, -0.243672669, -0.359851658, -0.508276403, 0.782409132, 0.0967114866, 0.813748717, 0.573116481)}) tween3:Play() tablesorting(part3, tween3)
		task.wait(0.05166660308837891)

		if afterframe() then
			return
		end

		--27, 1.1333333253860474
		tween6 = ts:Create(part6, TweenInfo.new(0.10000002384185791, Enum.EasingStyle.Linear, Enum.EasingDirection.In, 0, false, 0), {C0 = CFrame.new(1.28373504e-05, 1.00000858, -3.27825546e-05, -0.994593978, 0.0374383479, 0.0968583971, 0.0534722656, -0.614927232, 0.786769331, 0.0890164375, 0.787695408, 0.609600604)}) tween6:Play() tablesorting(part6, tween6)
		tween2 = ts:Create(part2, TweenInfo.new(0.16666662693023682, Enum.EasingStyle.Linear, Enum.EasingDirection.In, 0, false, 0), {C0 = CFrame.new(0.51079154, -0.230453014, 0.451168537, -0.719896615, -0.371758699, 0.586126685, 0.50321424, -0.861169398, 0.0718531609, 0.478042364, 0.346674174, 0.807027102)}) tween2:Play() tablesorting(part2, tween2)
		task.wait(0.018333301544189454)

		if afterframe() then
			return
		end

		--28, 1.1666666269302368
		tween1 = ts:Create(part1, TweenInfo.new(0.06666672229766846, Enum.EasingStyle.Linear, Enum.EasingDirection.In, 0, false, 0), {C0 = CFrame.new(-0.395051628, -0.483755529, 0.437158048, -0.954684615, -0.123979434, 0.270566851, 0.11691872, 0.679782987, 0.724033952, -0.273692012, 0.722858429, -0.634482861)}) tween1:Play() tablesorting(part1, tween1)
		tween5 = ts:Create(part5, TweenInfo.new(0.16666674613952637, Enum.EasingStyle.Linear, Enum.EasingDirection.In, 0, false, 0), {C0 = CFrame.new(-0.472825885, -0.042437017, -0.856565058, -0.629270077, -0.281635582, -0.724363267, -0.752604127, 0.453384459, 0.477526248, 0.193926692, 0.845651209, -0.497260779)}) tween5:Play() tablesorting(part5, tween5)
		tween4 = ts:Create(part4, TweenInfo.new(0.13333332538604736, Enum.EasingStyle.Linear, Enum.EasingDirection.In, 0, false, 0), {C0 = CFrame.new(1.13055217, -1.12532401, 0.147796959, 0.723481774, 0.147366554, 0.674430788, -0.279063761, 0.95600152, 0.0904687941, -0.631425142, -0.253661424, 0.732774377)}) tween4:Play() tablesorting(part4, tween4)
		task.wait(0.05166672229766846)

		if afterframe() then
			return
		end

		--29, 1.2333333492279053
		tween1 = ts:Create(part1, TweenInfo.new(0.0666666030883789, Enum.EasingStyle.Linear, Enum.EasingDirection.In, 0, false, 0), {C0 = CFrame.new(-0.40759027, -0.56513989, 0.327430189, -0.983193517, 0.178598121, 0.0378572159, 0.144154772, 0.63221693, 0.761262894, 0.11202614, 0.753926039, -0.647337317)}) tween1:Play() tablesorting(part1, tween1)
		tween6 = ts:Create(part6, TweenInfo.new(0.0666666030883789, Enum.EasingStyle.Linear, Enum.EasingDirection.In, 0, false, 0), {C0 = CFrame.new(6.70552254e-08, 0.99999994, -8.94069672e-08, -0.973653316, -0.0407584906, 0.224361241, 0.187550128, -0.702785492, 0.686234295, 0.129707813, 0.710233331, 0.691913605)}) tween6:Play() tablesorting(part6, tween6)
		task.wait(0.05166660308837891)

		if afterframe() then
			return
		end

		--30, 1.2999999523162842
		tween1 = ts:Create(part1, TweenInfo.new(0.033333420753479004, Enum.EasingStyle.Linear, Enum.EasingDirection.In, 0, false, 0), {C0 = CFrame.new(-0.432643116, -0.596635103, 0.276923358, -0.596095622, 0.656855047, -0.461748421, -0.000671252608, 0.574683249, 0.818375766, 0.802913249, 0.488140106, -0.342125177)}) tween1:Play() tablesorting(part1, tween1)
		tween6 = ts:Create(part6, TweenInfo.new(0.033333420753479004, Enum.EasingStyle.Linear, Enum.EasingDirection.In, 0, false, 0), {C0 = CFrame.new(4.08152118e-06, 0.999987841, 6.66081905e-06, -0.631037772, -0.775638402, 0.013350755, -0.0156481452, 0.0299344063, 0.999430895, -0.775595844, 0.630468726, -0.0310266614)}) tween6:Play() tablesorting(part6, tween6)
		tween2 = ts:Create(part2, TweenInfo.new(0.033333420753479004, Enum.EasingStyle.Linear, Enum.EasingDirection.In, 0, false, 0), {C0 = CFrame.new(1.25320196, 1.03495526, -0.601626158, -0.523771763, -0.808583736, 0.268061757, 0.824856997, -0.560005546, -0.0775002837, 0.212781847, 0.180519521, 0.960280538)}) tween2:Play() tablesorting(part2, tween2)
		tween4 = ts:Create(part4, TweenInfo.new(0.033333420753479004, Enum.EasingStyle.Linear, Enum.EasingDirection.In, 0, false, 0), {C0 = CFrame.new(1.07700014, -1.2381109, 0.213351712, 0.680966973, 0.51957947, 0.516065776, -0.500345111, 0.844677329, -0.190207824, -0.534737527, -0.128683984, 0.835165441)}) tween4:Play() tablesorting(part4, tween4)
		tween3 = ts:Create(part3, TweenInfo.new(0.033333420753479004, Enum.EasingStyle.Linear, Enum.EasingDirection.In, 0, false, 0), {C0 = CFrame.new(-0.266864359, -0.189791739, 0.437686801, -0.200429082, 0.891478181, -0.406323612, -0.962089062, -0.100793496, 0.253432751, 0.184974015, 0.441713691, 0.877882242)}) tween3:Play() tablesorting(part3, tween3)
		task.wait(0.018333420753479004)

		if afterframe() then
			return
		end

		--31, 1.3333333730697632
		tween1 = ts:Create(part1, TweenInfo.new(0.09999990463256836, Enum.EasingStyle.Linear, Enum.EasingDirection.In, 0, false, 0), {C0 = CFrame.new(-0.308492035, -0.707984149, 0.898619413, -0.735103548, 0.628580034, -0.253988057, 0.150445908, 0.516545117, 0.842939615, 0.661051333, 0.581436455, -0.47428146)}) tween1:Play() tablesorting(part1, tween1)
		tween6 = ts:Create(part6, TweenInfo.new(0.18333327770233154, Enum.EasingStyle.Linear, Enum.EasingDirection.In, 0, false, 0), {C0 = CFrame.new(-2.41100788e-05, 0.999969542, 1.77025795e-05, -0.84390831, -0.530536354, -0.0797021836, -0.019302249, -0.118439496, 0.99277544, -0.536143363, 0.839347959, 0.0897120833)}) tween6:Play() tablesorting(part6, tween6)
		tween5 = ts:Create(part5, TweenInfo.new(0.09999990463256836, Enum.EasingStyle.Linear, Enum.EasingDirection.In, 0, false, 0), {C0 = CFrame.new(-0.460170984, -0.228085041, -0.946377099, -0.536559343, -0.43290168, -0.724363267, -0.843388677, 0.24630487, 0.477526128, -0.0283073783, 0.867140353, -0.497260779)}) tween5:Play() tablesorting(part5, tween5)
		tween2 = ts:Create(part2, TweenInfo.new(0.04999995231628418, Enum.EasingStyle.Linear, Enum.EasingDirection.In, 0, false, 0), {C0 = CFrame.new(0.958762884, 0.781654716, -0.518363833, -0.759364426, -0.348509192, 0.549459517, 0.6122967, -0.668442845, 0.422228038, 0.220132083, 0.657057524, 0.720983505)}) tween2:Play() tablesorting(part2, tween2)
		tween4 = ts:Create(part4, TweenInfo.new(0.09999990463256836, Enum.EasingStyle.Linear, Enum.EasingDirection.In, 0, false, 0), {C0 = CFrame.new(1.46149683, -0.862366617, -0.0844611526, 0.680966973, 0.519579709, 0.516065896, -0.500344992, 0.844677448, -0.190207839, -0.534737706, -0.128684074, 0.83516556)}) tween4:Play() tablesorting(part4, tween4)
		tween3 = ts:Create(part3, TweenInfo.new(0.18333327770233154, Enum.EasingStyle.Linear, Enum.EasingDirection.In, 0, false, 0), {C0 = CFrame.new(-0.302563548, -0.0474049449, 0.520588994, 0.0724816024, 0.910852075, -0.406323582, -0.948800147, 0.18855527, 0.253432751, 0.307452977, 0.367150009, 0.877882361)}) tween3:Play() tablesorting(part3, tween3)
		task.wait()

		if afterframe() then
			return
		end

		--32, 1.350000023841858
		--33, 1.3833333253860474
		tween2 = ts:Create(part2, TweenInfo.new(0.04999995231628418, Enum.EasingStyle.Linear, Enum.EasingDirection.In, 0, false, 0), {C0 = CFrame.new(0.973364353, 0.800317109, -0.640758991, -0.784748495, -0.346419305, 0.513968349, 0.587642372, -0.679522872, 0.439232498, 0.197094679, 0.646716654, 0.736825168)}) tween2:Play() tablesorting(part2, tween2)
		task.wait(0.03499995231628418)

		if afterframe() then
			return
		end

		--34, 1.4333332777023315
		tween1 = ts:Create(part1, TweenInfo.new(0.08333337306976318, Enum.EasingStyle.Linear, Enum.EasingDirection.In, 0, false, 0), {C0 = CFrame.new(-0.236793429, -0.808644593, 1.02564776, -0.798297584, 0.585595846, -0.140707344, 0.211773843, 0.491648078, 0.844650269, 0.563802123, 0.644484103, -0.516495347)}) tween1:Play() tablesorting(part1, tween1)
		tween5 = ts:Create(part5, TweenInfo.new(0.08333337306976318, Enum.EasingStyle.Linear, Enum.EasingDirection.In, 0, false, 0), {C0 = CFrame.new(-0.460171461, -0.228084743, -0.946377397, -0.536559343, -0.320851445, -0.780487239, -0.843388677, 0.172868297, 0.508737504, -0.0283073783, 0.931221306, -0.363355935)}) tween5:Play() tablesorting(part5, tween5)
		tween2 = ts:Create(part2, TweenInfo.new(0.08333337306976318, Enum.EasingStyle.Linear, Enum.EasingDirection.In, 0, false, 0), {C0 = CFrame.new(0.952224255, 0.778620481, -0.676556468, -0.802747369, -0.24009487, 0.545849025, 0.544078946, -0.669561923, 0.505633473, 0.244079828, 0.702880859, 0.66811955)}) tween2:Play() tablesorting(part2, tween2)
		tween4 = ts:Create(part4, TweenInfo.new(0.08333337306976318, Enum.EasingStyle.Linear, Enum.EasingDirection.In, 0, false, 0), {C0 = CFrame.new(1.60229552, -0.623132527, -0.129005194, 0.692395151, 0.48488611, 0.534300923, -0.480481625, 0.86230588, -0.15990603, -0.538267434, -0.14600198, 0.830034375)}) tween4:Play() tablesorting(part4, tween4)
		task.wait(0.06833337306976318)

		if afterframe() then
			return
		end

		--35, 1.5166666507720947
		tween1 = ts:Create(part1, TweenInfo.new(0.05000007152557373, Enum.EasingStyle.Linear, Enum.EasingDirection.In, 0, false, 0), {C0 = CFrame.new(-0.206478789, -0.872188866, 0.945444942, -0.824719608, 0.556231618, -0.102196172, 0.221395507, 0.48382476, 0.846698105, 0.520405293, 0.675662756, -0.522166967)}) tween1:Play() tablesorting(part1, tween1)
		tween6 = ts:Create(part6, TweenInfo.new(0.05000007152557373, Enum.EasingStyle.Linear, Enum.EasingDirection.In, 0, false, 0), {C0 = CFrame.new(-1.81272626e-05, 0.999971628, 1.08033419e-06, -0.841390014, -0.529161394, -0.109776795, -0.0184925087, -0.174819618, 0.984426796, -0.54011184, 0.83031702, 0.137305975)}) tween6:Play() tablesorting(part6, tween6)
		tween5 = ts:Create(part5, TweenInfo.new(0.08333337306976318, Enum.EasingStyle.Linear, Enum.EasingDirection.In, 0, false, 0), {C0 = CFrame.new(-0.758747995, -0.206134617, -0.705540299, -0.572493553, -0.234795004, -0.785572588, -0.815125346, 0.266346753, 0.514423788, 0.088450782, 0.934843779, -0.343868524)}) tween5:Play() tablesorting(part5, tween5)
		tween2 = ts:Create(part2, TweenInfo.new(0.05000007152557373, Enum.EasingStyle.Linear, Enum.EasingDirection.In, 0, false, 0), {C0 = CFrame.new(0.921351075, 0.744482696, -0.630757749, -0.796562493, -0.130257726, 0.590356767, 0.520366371, -0.644813716, 0.559851885, 0.307745099, 0.753158867, 0.58141619)}) tween2:Play() tablesorting(part2, tween2)
		tween4 = ts:Create(part4, TweenInfo.new(0.08333337306976318, Enum.EasingStyle.Linear, Enum.EasingDirection.In, 0, false, 0), {C0 = CFrame.new(1.69684577, -0.423272133, -0.190694749, 0.733250558, 0.411906242, 0.540998936, -0.491817832, 0.87069267, 0.0036617741, -0.469535977, -0.268756181, 0.84101814)}) tween4:Play() tablesorting(part4, tween4)
