function animation(character)
	local canceldb = false
	local root = character:FindFirstChild("HumanoidRootPart", true)
	local part1 = character["HumanoidRootPart"]["RootJoint"]	
	local part2 = character["Torso"]["Right Shoulder"]
	local part3 = character["Torso"]["Left Shoulder"]
	local part4 = character["Torso"]["Right Hip"]
	local part5 = character["Torso"]["Left Hip"]
	local part6 = character["Torso"]["Neck"]
	local val = 2 --Action
	local tweens = {}
	local function tablesorting(part, tween)
		for i, v in pairs(tweens) do
			if v.Instance == part then
				table.remove(tweens, table.find(tweens, v))
			end
		end
		table.insert(tweens, tween)
	end
	local ts = game:GetService("TweenService")
	local tween1, tween2, tween3, tween4, tween5, tween6

	local priority = root:FindFirstChild("priority")
	if not priority then
		priority = Instance.new("NumberValue", root)
		priority.Name = "priority"
	end

	local anims = root:FindFirstChild("anims")
	if not anims then
		anims = Instance.new("Folder", root)
		anims.Name = "anims"
	end
	local animvalue = anims:FindFirstChild("RavageVictim")
	if not animvalue then
		animvalue = Instance.new("BoolValue", anims)
		animvalue.Value = true
		animvalue.Name = "RavageVictim"
	end
	animvalue.Value = true

	local function afterframe()
		if canceldb or not character or not part1 then
			return true
		else
			return false
		end
	end

	if afterframe() then
		animvalue.Value = false
		return false
	end
	priority.Value = val
	local connect
	local connect2
	connect = priority.Changed:Connect(function()
		if priority.Value > val then
			for i, v in pairs(tweens) do
				if v and v.PlaybackState == Enum.PlaybackState.Playing then
					v:Cancel()
				end
			end
			canceldb = true
			connect2:Disconnect()
			connect:Disconnect()
		else
			priority.Value = val
		end
	end)
	connect2 = animvalue.Changed:Connect(function()
		if not animvalue.Value then
			for i, v in pairs(tweens) do
				if v and v.PlaybackState == Enum.PlaybackState.Playing then
					v:Cancel()
				end
			end
			canceldb = true
			connect:Disconnect()
			if priority.Value <= val then
				priority.Value = 0
			end
			connect2:Disconnect()
		--smooth transition
		tween1 = ts:Create(part1, TweenInfo.new(0.5), {C0 = CFrame.new(0, 0, 0, -1, 0, 0, 0, 0, 1, 0, 1, -0)}) tween1:Play() tablesorting(part1, tween1)
		tween2 = ts:Create(part2, TweenInfo.new(0.5), {C0 = CFrame.new(1, 0.5, 0, 0, 0, 1, 0, 1, -0, -1, 0, 0)}) tween2:Play() tablesorting(part2, tween2)
		tween3 = ts:Create(part3, TweenInfo.new(0.5), {C0 = CFrame.new(-1, 0.5, 0, 0, 0, -1, 0, 1, 0, 1, 0, 0)}) tween3:Play() tablesorting(part3, tween3)
		tween4 = ts:Create(part4, TweenInfo.new(0.5), {C0 = CFrame.new(1, -1, 0, 0, 0, 1, 0, 1, -0, -1, 0, 0)}) tween4:Play() tablesorting(part4, tween4)
		tween5 = ts:Create(part5, TweenInfo.new(0.5), {C0 = CFrame.new(-1, -1, 0, 0, 0, -1, 0, 1, 0, 1, 0, 0)}) tween5:Play() tablesorting(part5, tween5)
		tween6 = ts:Create(part6, TweenInfo.new(0.5), {C0 = CFrame.new(0, 1, 0, -1, 0, 0, 0, 0, 1, 0, 1, -0)}) tween6:Play() tablesorting(part6, tween6)
		end
	end)
	if true then
		--1, 0
		tween1 = ts:Create(part1, TweenInfo.new(0.0833333358168602, Enum.EasingStyle.Linear, Enum.EasingDirection.In, 0, false, 0), {C0 = CFrame.new(1.86264515e-09, 1.27985477, 0.0961952209, -1, 0, 1.28056854e-09, -1.86264515e-09, 0.987823486, 0.155579686, 3.25962901e-09, 0.155579686, -0.987823546)}) tween1:Play() tablesorting(part1, tween1)
		tween6 = ts:Create(part6, TweenInfo.new(0.8333333134651184, Enum.EasingStyle.Linear, Enum.EasingDirection.In, 0, false, 0), {C0 = CFrame.new(-9.31322575e-10, 1, -2.98023224e-08, -1.00000012, -2.32830644e-10, 0, 1.16415322e-10, 0.534527063, 0.845151424, 3.49245965e-10, 0.845151424, -0.534527004)}) tween6:Play() tablesorting(part6, tween6)
		tween5 = ts:Create(part5, TweenInfo.new(0.11666666716337204, Enum.EasingStyle.Linear, Enum.EasingDirection.In, 0, false, 0), {C0 = CFrame.new(-1, -0.871826768, -0.35300529, 1.49011612e-08, 2.79396772e-09, -0.99999994, -0.874024689, 0.485881388, 0, 0.485881418, 0.874024689, -1.49011612e-08)}) tween5:Play() tablesorting(part5, tween5)
		tween2 = ts:Create(part2, TweenInfo.new(0.0833333358168602, Enum.EasingStyle.Linear, Enum.EasingDirection.In, 0, false, 0), {C0 = CFrame.new(0.0755287409, 0.0865546167, -0.753283918, -0.46595341, 0.170540631, 0.868218482, 0.802992046, 0.493614376, 0.333989143, -0.37160635, 0.852795899, -0.366944075)}) tween2:Play() tablesorting(part2, tween2)
		tween4 = ts:Create(part4, TweenInfo.new(0.11666666716337204, Enum.EasingStyle.Linear, Enum.EasingDirection.In, 0, false, 0), {C0 = CFrame.new(1.00000024, -0.704952002, -0.161939859, -0.0241229683, -0.220321447, 0.975128949, 0.972586274, 0.220495254, 0.0738789737, -0.231288508, 0.95017916, 0.208962604)}) tween4:Play() tablesorting(part4, tween4)
		tween3 = ts:Create(part3, TweenInfo.new(0.0833333358168602, Enum.EasingStyle.Linear, Enum.EasingDirection.In, 0, false, 0), {C0 = CFrame.new(-0.0778583288, -0.0637930632, -1.11027312, -0.856896102, -0.196889251, -0.47640717, -0.478605807, -0.0394267514, 0.877144575, -0.191483542, 0.979633272, -0.060447745)}) tween3:Play() tablesorting(part3, tween3)
		task.wait(0.0683333358168602)

		if afterframe() then
			return
		end

		--2, 0.0833333358168602
		tween1 = ts:Create(part1, TweenInfo.new(0.05000000447034836, Enum.EasingStyle.Linear, Enum.EasingDirection.In, 0, false, 0), {C0 = CFrame.new(0, 1.70423388, 0.183922201, -1, 0, 1.28056854e-09, 0, 0.981355369, 0.192202076, -9.31322575e-10, 0.192202047, -0.981355488)}) tween1:Play() tablesorting(part1, tween1)
		tween2 = ts:Create(part2, TweenInfo.new(0.1666666641831398, Enum.EasingStyle.Linear, Enum.EasingDirection.In, 0, false, 0), {C0 = CFrame.new(0.420130968, 0.116525352, -0.686209083, -0.270429254, 0.215924993, 0.938213468, 0.944925427, 0.246133864, 0.215717554, -0.184347287, 0.944878042, -0.270594776)}) tween2:Play() tablesorting(part2, tween2)
		tween3 = ts:Create(part3, TweenInfo.new(0.1666666641831398, Enum.EasingStyle.Linear, Enum.EasingDirection.In, 0, false, 0), {C0 = CFrame.new(-0.65348202, 0.167282999, -0.722156286, -0.743142486, -0.242024094, -0.623829722, -0.593054056, -0.193522394, 0.781560183, -0.309881419, 0.950775266, 0.000281371176)}) tween3:Play() tablesorting(part3, tween3)
		task.wait(0.01833333134651184)

		if afterframe() then
			return
		end

		--3, 0.11666666716337204
		tween5 = ts:Create(part5, TweenInfo.new(0.13333333283662796, Enum.EasingStyle.Linear, Enum.EasingDirection.In, 0, false, 0), {C0 = CFrame.new(-1, -0.795489967, -0.355846524, 1.49011612e-08, 2.79396772e-09, -0.99999994, -0.862415552, 0.50620091, 0, 0.50620091, 0.862415552, -7.4505806e-09)}) tween5:Play() tablesorting(part5, tween5)
		tween4 = ts:Create(part4, TweenInfo.new(0.13333333283662796, Enum.EasingStyle.Linear, Enum.EasingDirection.In, 0, false, 0), {C0 = CFrame.new(1.00000107, -0.644003391, -0.189134002, -0.0168988407, -0.220992997, 0.975128949, 0.96484828, 0.252210021, 0.0738789216, -0.262264013, 0.942100048, 0.208962649)}) tween4:Play() tablesorting(part4, tween4)
		task.wait()

		if afterframe() then
			return
		end

		--4, 0.13333334028720856
		tween1 = ts:Create(part1, TweenInfo.new(0.09999999403953552, Enum.EasingStyle.Linear, Enum.EasingDirection.In, 0, false, 0), {C0 = CFrame.new(-1.86264515e-09, 1.88301861, 0.309167027, -1, 0, 1.28056854e-09, 1.86264515e-09, 0.96917665, 0.246367037, -9.31322575e-10, 0.246366963, -0.969176769)}) tween1:Play() tablesorting(part1, tween1)
		task.wait(0.08499999403953552)

		if afterframe() then
			return
		end

		--5, 0.23333333432674408
		tween1 = ts:Create(part1, TweenInfo.new(0.1666666716337204, Enum.EasingStyle.Linear, Enum.EasingDirection.In, 0, false, 0), {C0 = CFrame.new(0, 2.03342056, 0.33929646, -1, 0, 1.28056854e-09, 0, 0.965459168, 0.260554552, 4.65661287e-10, 0.260554522, -0.965459287)}) tween1:Play() tablesorting(part1, tween1)
		task.wait()

		if afterframe() then
			return
		end

		--6, 0.25
		tween5 = ts:Create(part5, TweenInfo.new(0.5833333134651184, Enum.EasingStyle.Linear, Enum.EasingDirection.In, 0, false, 0), {C0 = CFrame.new(-1.00000012, -0.671148777, -0.330879271, 1.49011612e-08, 2.79396772e-09, -0.99999994, -0.898645759, 0.438675344, 0, 0.438675284, 0.898645818, 0)}) tween5:Play() tablesorting(part5, tween5)
		tween2 = ts:Create(part2, TweenInfo.new(0.5833333134651184, Enum.EasingStyle.Linear, Enum.EasingDirection.In, 0, false, 0), {C0 = CFrame.new(0.797073245, 0.191332221, -0.518477499, -0.698073447, 0.196220577, 0.688615382, 0.708227992, 0.330767363, 0.623703778, -0.105388038, 0.923087776, -0.369868904)}) tween2:Play() tablesorting(part2, tween2)
		tween4 = ts:Create(part4, TweenInfo.new(0.5833333134651184, Enum.EasingStyle.Linear, Enum.EasingDirection.In, 0, false, 0), {C0 = CFrame.new(1.0000037, -0.491631687, -0.257117987, 0.0355985612, -0.21876058, 0.975128949, 0.878362477, 0.472250998, 0.0738789141, -0.476667464, 0.853886724, 0.208962604)}) tween4:Play() tablesorting(part4, tween4)
		tween3 = ts:Create(part3, TweenInfo.new(0.6000000238418579, Enum.EasingStyle.Linear, Enum.EasingDirection.In, 0, false, 0), {C0 = CFrame.new(-0.854204416, 0.0142807961, -0.116782486, -0.470708996, 0.166177213, -0.866497636, -0.874652863, 0.0410390235, 0.483010054, 0.115825385, 0.985242009, 0.126030028)}) tween3:Play() tablesorting(part3, tween3)
		task.wait(0.13500000596046446)

		if afterframe() then
			return
		end

		--7, 0.4000000059604645
		tween1 = ts:Create(part1, TweenInfo.new(0.18333330750465393, Enum.EasingStyle.Linear, Enum.EasingDirection.In, 0, false, 0), {C0 = CFrame.new(0, 2.23498917, 0.388765812, -1, 0, 1.28056854e-09, 0, 0.960327625, 0.278874665, -1.86264515e-09, 0.278874576, -0.960327744)}) tween1:Play() tablesorting(part1, tween1)
		task.wait(0.16833330750465392)

		if afterframe() then
			return
		end

		--8, 0.5833333134651184
		tween1 = ts:Create(part1, TweenInfo.new(0.25, Enum.EasingStyle.Linear, Enum.EasingDirection.In, 0, false, 0), {C0 = CFrame.new(0, 2.03010154, 0.440439463, -1, 0, 1.28056854e-09, 0, 0.955688775, 0.294379234, 1.86264515e-09, 0.294379234, -0.955688894)}) tween1:Play() tablesorting(part1, tween1)
		task.wait(0.235)

		if afterframe() then
			return
		end

		--9, 0.8333333134651184
		tween1 = ts:Create(part1, TweenInfo.new(0.21666663885116577, Enum.EasingStyle.Linear, Enum.EasingDirection.In, 0, false, 0), {C0 = CFrame.new(-2.88709998e-08, 1.54276681, 0.632180214, -1, -1.86264515e-08, -6.98491931e-09, -2.42143869e-08, 0.879537046, 0.475830853, -1.86264515e-09, 0.475830883, -0.879537106)}) tween1:Play() tablesorting(part1, tween1)
		tween6 = ts:Create(part6, TweenInfo.new(0.46666663885116577, Enum.EasingStyle.Linear, Enum.EasingDirection.In, 0, false, 0), {C0 = CFrame.new(1.14734285e-05, 0.999919891, 4.91440296e-05, -0.989306688, 0.1197607, 0.0832431465, 0.109962627, 0.237525225, 0.965138793, 0.0958129093, 0.96397227, -0.24815467)}) tween6:Play() tablesorting(part6, tween6)
		tween5 = ts:Create(part5, TweenInfo.new(0.46666663885116577, Enum.EasingStyle.Linear, Enum.EasingDirection.In, 0, false, 0), {C0 = CFrame.new(-1, -0.671148896, -0.330879033, 1.49011612e-08, 2.79396772e-09, -0.99999994, -0.68986249, 0.723940492, -7.4505806e-09, 0.723940492, 0.689862609, -2.98023224e-08)}) tween5:Play() tablesorting(part5, tween5)
		tween2 = ts:Create(part2, TweenInfo.new(0.21666663885116577, Enum.EasingStyle.Linear, Enum.EasingDirection.In, 0, false, 0), {C0 = CFrame.new(0.843649864, 0.191327631, -0.518478155, -0.823129594, -0.0250233263, 0.567302227, 0.564680696, -0.141537592, 0.813082635, 0.0599486977, 0.989616692, 0.130633846)}) tween2:Play() tablesorting(part2, tween2)
		tween4 = ts:Create(part4, TweenInfo.new(0.46666663885116577, Enum.EasingStyle.Linear, Enum.EasingDirection.In, 0, false, 0), {C0 = CFrame.new(1.00000381, -0.491631508, -0.257118404, 0.210656911, -0.0688991994, 0.975128949, -0.0158515573, 0.997141123, 0.073878929, -0.977431536, -0.0310203731, 0.208962575)}) tween4:Play() tablesorting(part4, tween4)
		task.wait()

		if afterframe() then
			return
		end

		--10, 0.8500000238418579
		tween3 = ts:Create(part3, TweenInfo.new(0.19999992847442627, Enum.EasingStyle.Linear, Enum.EasingDirection.In, 0, false, 0), {C0 = CFrame.new(-0.854199529, 0.0876924694, -0.119270295, -0.239296988, 0.735471606, -0.633891463, -0.829578698, 0.184362739, 0.527076364, 0.504515648, 0.651990771, 0.566014111)}) tween3:Play() tablesorting(part3, tween3)
		task.wait(0.18499992847442626)

		if afterframe() then
			return
		end

		--11, 1.0499999523162842
		tween1 = ts:Create(part1, TweenInfo.new(0.10000002384185791, Enum.EasingStyle.Linear, Enum.EasingDirection.In, 0, false, 0), {C0 = CFrame.new(1.02072954e-06, 1.29271579, 0.62214601, -0.997222185, -0.0627545267, -0.0401237011, -0.074483484, 0.843789041, 0.531481564, 0.000503063202, 0.532993615, -0.846119285)}) tween1:Play() tablesorting(part1, tween1)
		tween2 = ts:Create(part2, TweenInfo.new(0.10000002384185791, Enum.EasingStyle.Linear, Enum.EasingDirection.In, 0, false, 0), {C0 = CFrame.new(0.877308428, 0.219788641, -0.451902837, -0.837936163, -0.189383075, 0.511856616, 0.545640945, -0.270437449, 0.793183208, -0.0117902532, 0.943926692, 0.329944432)}) tween2:Play() tablesorting(part2, tween2)
		tween3 = ts:Create(part3, TweenInfo.new(0.10000002384185791, Enum.EasingStyle.Linear, Enum.EasingDirection.In, 0, false, 0), {C0 = CFrame.new(-0.989387095, 0.131691992, -0.0744156837, -0.0266052634, 0.918061554, -0.395544291, -0.764336288, 0.236335009, 0.599946499, 0.644268751, 0.318290681, 0.695419848)}) tween3:Play() tablesorting(part3, tween3)
		task.wait(0.08500002384185791)

		if afterframe() then
			return
		end

		--12, 1.149999976158142
		tween1 = ts:Create(part1, TweenInfo.new(0.1499999761581421, Enum.EasingStyle.Linear, Enum.EasingDirection.In, 0, false, 0), {C0 = CFrame.new(2.57790089e-06, 0.772577882, 0.449607939, -0.966148853, -0.216376588, -0.140489832, -0.257984936, 0.810191751, 0.526339769, -6.38971105e-05, 0.544766843, -0.838587821)}) tween1:Play() tablesorting(part1, tween1)
		tween2 = ts:Create(part2, TweenInfo.new(0.1499999761581421, Enum.EasingStyle.Linear, Enum.EasingDirection.In, 0, false, 0), {C0 = CFrame.new(0.92562747, 0.290945053, -0.285466731, -0.726797879, -0.463127673, 0.507225275, 0.640041411, -0.188708678, 0.744806528, -0.249222815, 0.8659693, 0.43357408)}) tween2:Play() tablesorting(part2, tween2)
		tween3 = ts:Create(part3, TweenInfo.new(0.1499999761581421, Enum.EasingStyle.Linear, Enum.EasingDirection.In, 0, false, 0), {C0 = CFrame.new(-1.32735896, 0.180515498, 0.0397968292, 0.214999035, 0.968256712, -0.127491176, -0.663036525, 0.240564346, 0.70888114, 0.717049003, -0.0678774267, 0.693711281)}) tween3:Play() tablesorting(part3, tween3)
		task.wait(0.13499997615814208)

		if afterframe() then
			return
		end

		--13, 1.2999999523162842
		tween1 = ts:Create(part1, TweenInfo.new(0.016666769981384277, Enum.EasingStyle.Linear, Enum.EasingDirection.In, 0, false, 0), {C0 = CFrame.new(4.19467688e-06, 1.11200798, 0.520887554, -0.966148913, -0.213174805, -0.145302191, -0.257984877, 0.798196375, 0.544358969, -6.38961792e-05, 0.563417673, -0.82617259)}) tween1:Play() tablesorting(part1, tween1)
		tween6 = ts:Create(part6, TweenInfo.new(0.016666769981384277, Enum.EasingStyle.Linear, Enum.EasingDirection.In, 0, false, 0), {C0 = CFrame.new(9.83197242e-06, 0.999973297, 1.65104866e-05, -0.996407628, 0.0764903799, 0.0363392122, 0.0837351531, 0.95397079, 0.287974447, -0.0126394946, 0.289982736, -0.956949115)}) tween6:Play() tablesorting(part6, tween6)
		tween5 = ts:Create(part5, TweenInfo.new(0.016666769981384277, Enum.EasingStyle.Linear, Enum.EasingDirection.In, 0, false, 0), {C0 = CFrame.new(-1.00000811, -0.547029912, -0.415522218, -0.131075382, 0.135510609, -0.982067108, -0.985497355, 0.0898802206, 0.143935204, 0.107773244, 0.986690998, 0.121764176)}) tween5:Play() tablesorting(part5, tween5)
		tween2 = ts:Create(part2, TweenInfo.new(0.016666769981384277, Enum.EasingStyle.Linear, Enum.EasingDirection.In, 0, false, 0), {C0 = CFrame.new(0.687213957, 0.499542296, -0.728047013, -0.859666586, -0.0607928932, 0.507225275, 0.472756594, -0.47091949, 0.744806528, 0.193583354, 0.880079746, 0.43357411)}) tween2:Play() tablesorting(part2, tween2)
		tween4 = ts:Create(part4, TweenInfo.new(0.016666769981384277, Enum.EasingStyle.Linear, Enum.EasingDirection.In, 0, false, 0), {C0 = CFrame.new(1.0000037, -0.460400343, -0.278420925, 0.0109740049, -0.221366256, 0.975128949, 0.9255597, 0.371323764, 0.0738789588, -0.378443003, 0.901729524, 0.208962649)}) tween4:Play() tablesorting(part4, tween4)
		tween3 = ts:Create(part3, TweenInfo.new(0.016666769981384277, Enum.EasingStyle.Linear, Enum.EasingDirection.In, 0, false, 0), {C0 = CFrame.new(-0.943959236, 0.429685056, -0.526090026, -0.991572797, -0.0734139159, -0.106740966, -0.0748723596, -0.347644836, 0.934632599, -0.105723061, 0.93474859, 0.339219034)}) tween3:Play() tablesorting(part3, tween3)
		task.wait()

		if afterframe() then
			return
		end

		--14, 1.3166667222976685
		tween1 = ts:Create(part1, TweenInfo.new(0.08333325386047363, Enum.EasingStyle.Linear, Enum.EasingDirection.In, 0, false, 0), {C0 = CFrame.new(7.41519034e-06, 1.14801633, 0.235402077, -0.989613235, -0.113692075, -0.0879751518, -0.143656015, 0.759410381, 0.634554267, -0.00533455051, 0.640601337, -0.767855227)}) tween1:Play() tablesorting(part1, tween1)
		tween6 = ts:Create(part6, TweenInfo.new(0.18333327770233154, Enum.EasingStyle.Linear, Enum.EasingDirection.In, 0, false, 0), {C0 = CFrame.new(7.77095556e-06, 0.999987066, 1.38580799e-05, -0.993399799, -0.0981391296, 0.0593783781, 0.00122427964, 0.508563638, 0.861023664, -0.114697792, 0.855413258, -0.50508666)}) tween6:Play() tablesorting(part6, tween6)
		tween5 = ts:Create(part5, TweenInfo.new(0.03333330154418945, Enum.EasingStyle.Linear, Enum.EasingDirection.In, 0, false, 0), {C0 = CFrame.new(-1.00000453, -0.612896383, -0.354854345, -0.134398967, 0.132214949, -0.982067227, -0.987424493, 0.0653877705, 0.143935204, 0.0832455605, 0.98906213, 0.12176419)}) tween5:Play() tablesorting(part5, tween5)
		tween2 = ts:Create(part2, TweenInfo.new(0.03333330154418945, Enum.EasingStyle.Linear, Enum.EasingDirection.In, 0, false, 0), {C0 = CFrame.new(0.910129368, 0.373656571, -0.468199909, -0.822375298, 0.115449771, 0.557108819, 0.359390855, -0.653690457, 0.665978551, 0.441063821, 0.747904062, 0.496086955)}) tween2:Play() tablesorting(part2, tween2)
		tween4 = ts:Create(part4, TweenInfo.new(0.08333325386047363, Enum.EasingStyle.Linear, Enum.EasingDirection.In, 0, false, 0), {C0 = CFrame.new(1.00000381, -0.460400224, -0.278419018, 0.0678394884, -0.211000606, 0.975128889, 0.79807049, 0.598017812, 0.0738788843, -0.598733008, 0.773209691, 0.208962575)}) tween4:Play() tablesorting(part4, tween4)
		tween3 = ts:Create(part3, TweenInfo.new(0.03333330154418945, Enum.EasingStyle.Linear, Enum.EasingDirection.In, 0, false, 0), {C0 = CFrame.new(-0.943959236, 0.429684818, -0.526089787, -0.957126379, -0.269286305, -0.106740966, -0.00418700278, -0.355591357, 0.93463254, -0.289640069, 0.895008922, 0.339219064)}) tween3:Play() tablesorting(part3, tween3)
		task.wait(0.018333301544189454)

		if afterframe() then
			return
		end

		--15, 1.350000023841858
		tween5 = ts:Create(part5, TweenInfo.new(0.04999995231628418, Enum.EasingStyle.Linear, Enum.EasingDirection.In, 0, false, 0), {C0 = CFrame.new(-1.00000203, -0.66229558, -0.30935365, -0.10471224, 0.15677762, -0.982067287, -0.953509092, 0.264769822, 0.143935204, 0.282587647, 0.951481879, 0.121764198)}) tween5:Play() tablesorting(part5, tween5)
		tween2 = ts:Create(part2, TweenInfo.new(0.04999995231628418, Enum.EasingStyle.Linear, Enum.EasingDirection.In, 0, false, 0), {C0 = CFrame.new(1.07680011, 0.364142776, -0.339263231, -0.694051981, -0.427493155, 0.579259336, 0.717950761, -0.351455659, 0.600854099, -0.0532769486, 0.832903743, 0.55084759)}) tween2:Play() tablesorting(part2, tween2)
		tween3 = ts:Create(part3, TweenInfo.new(0.2999999523162842, Enum.EasingStyle.Linear, Enum.EasingDirection.In, 0, false, 0), {C0 = CFrame.new(-0.955127716, 0.445392132, -0.728679657, -0.966962993, 0.231491566, -0.106740996, -0.177010655, -0.308431715, 0.934633136, 0.183437675, 0.922650218, 0.339219153)}) tween3:Play() tablesorting(part3, tween3)
		task.wait(0.03499995231628418)

		if afterframe() then
			return
		end

		--16, 1.399999976158142
		tween1 = ts:Create(part1, TweenInfo.new(0.10000002384185791, Enum.EasingStyle.Linear, Enum.EasingDirection.In, 0, false, 0), {C0 = CFrame.new(5.82821667e-06, 1.12919068, 0.0197213069, -0.997255802, -0.0568601415, -0.0474104658, -0.0739693046, 0.738801479, 0.669851542, -0.00306093693, 0.671520174, -0.740980148)}) tween1:Play() tablesorting(part1, tween1)
		tween5 = ts:Create(part5, TweenInfo.new(0.10000002384185791, Enum.EasingStyle.Linear, Enum.EasingDirection.In, 0, false, 0), {C0 = CFrame.new(-1.00016356, -0.670744538, -0.298482716, -0.0470591486, 0.182563171, -0.982067227, -0.812563777, 0.564820886, 0.143935204, 0.580969453, 0.80476588, 0.12176419)}) tween5:Play() tablesorting(part5, tween5)
		tween2 = ts:Create(part2, TweenInfo.new(0.10000002384185791, Enum.EasingStyle.Linear, Enum.EasingDirection.In, 0, false, 0), {C0 = CFrame.new(1.22760224, 0.367216378, -0.291183412, -0.41034776, -0.755964696, 0.510031343, 0.779244006, -0.000150620937, 0.626720786, -0.473701894, 0.654612243, 0.589142799)}) tween2:Play() tablesorting(part2, tween2)
		tween4 = ts:Create(part4, TweenInfo.new(0.10000002384185791, Enum.EasingStyle.Linear, Enum.EasingDirection.In, 0, false, 0), {C0 = CFrame.new(1.0000037, -0.460400462, -0.278419316, 0.113376305, -0.190444931, 0.975128949, 0.643848598, 0.761577845, 0.0738788843, -0.756706536, 0.619459271, 0.208962604)}) tween4:Play() tablesorting(part4, tween4)
		task.wait(0.08500002384185791)

		if afterframe() then
			return
		end

		--17, 1.5
		tween1 = ts:Create(part1, TweenInfo.new(0.1499999761581421, Enum.EasingStyle.Linear, Enum.EasingDirection.In, 0, false, 0), {C0 = CFrame.new(-1.3448298e-06, 1.04832852, -0.0690575838, -0.997255921, -0.0584534779, -0.0454315208, -0.0739692673, 0.761350989, 0.644106865, -0.00306091458, 0.64569968, -0.763585567)}) tween1:Play() tablesorting(part1, tween1)
		tween6 = ts:Create(part6, TweenInfo.new(0.1499999761581421, Enum.EasingStyle.Linear, Enum.EasingDirection.In, 0, false, 0), {C0 = CFrame.new(5.91948628e-06, 0.999999106, 1.04010105e-05, -0.994461596, -0.100252658, 0.0315577164, 0.0336265415, -0.0190132558, 0.99925375, -0.0995778218, 0.994780481, 0.0222791433)}) tween6:Play() tablesorting(part6, tween6)
		tween5 = ts:Create(part5, TweenInfo.new(0.1499999761581421, Enum.EasingStyle.Linear, Enum.EasingDirection.In, 0, false, 0), {C0 = CFrame.new(-1.0004915, -0.588844597, -0.367741823, 0.00215315819, 0.188518539, -0.982067049, -0.637253642, 0.7570948, 0.143935293, 0.770652175, 0.625515878, 0.121764272)}) tween5:Play() tablesorting(part5, tween5)
		tween2 = ts:Create(part2, TweenInfo.new(0.1499999761581421, Enum.EasingStyle.Linear, Enum.EasingDirection.In, 0, false, 0), {C0 = CFrame.new(1.19586456, 0.392395258, -0.45290187, -0.661512733, -0.638777018, 0.392891824, 0.634119868, -0.196749359, 0.747787893, -0.400368333, 0.743811727, 0.535213113)}) tween2:Play() tablesorting(part2, tween2)
		tween4 = ts:Create(part4, TweenInfo.new(0.1499999761581421, Enum.EasingStyle.Linear, Enum.EasingDirection.In, 0, false, 0), {C0 = CFrame.new(1.00000358, -0.460400641, -0.278420389, 0.138487488, -0.173045218, 0.975128889, 0.533007145, 0.842879236, 0.0738789886, -0.834700644, 0.509519458, 0.208962649)}) tween4:Play() tablesorting(part4, tween4)
		task.wait(0.13499997615814208)

		if afterframe() then
			return
		end

		--18, 1.649999976158142
		tween1 = ts:Create(part1, TweenInfo.new(0.03333330154418945, Enum.EasingStyle.Linear, Enum.EasingDirection.In, 0, false, 0), {C0 = CFrame.new(-0.151526392, 1.47604704, 0.111599922, -0.964012325, -0.203600913, -0.170959443, -0.262338698, 0.83277607, 0.487506539, 0.0431141593, 0.514811456, -0.856218874)}) tween1:Play() tablesorting(part1, tween1)
		tween6 = ts:Create(part6, TweenInfo.new(0.03333330154418945, Enum.EasingStyle.Linear, Enum.EasingDirection.In, 0, false, 0), {C0 = CFrame.new(5.50970435e-06, 1.00000155, 9.53674316e-06, -0.995196164, -0.0742099434, 0.0638582706, 0.0306333434, 0.383476257, 0.923042774, -0.0929870754, 0.920564592, -0.379360616)}) tween6:Play() tablesorting(part6, tween6)
		tween5 = ts:Create(part5, TweenInfo.new(0.03333330154418945, Enum.EasingStyle.Linear, Enum.EasingDirection.In, 0, false, 0), {C0 = CFrame.new(-1.0004909, -0.58885622, -0.367746532, -0.118827254, 0.182339564, -0.976028979, -0.900310636, 0.394746959, 0.183353961, 0.41871646, 0.900516152, 0.117255777)}) tween5:Play() tablesorting(part5, tween5)
		tween2 = ts:Create(part2, TweenInfo.new(0.03333330154418945, Enum.EasingStyle.Linear, Enum.EasingDirection.In, 0, false, 0), {C0 = CFrame.new(0.42996645, 0.40807724, -0.903493643, -0.599764466, 0.0473608449, 0.798774004, 0.793362081, -0.0948084891, 0.601322412, 0.104209676, 0.994368315, 0.0192883648)}) tween2:Play() tablesorting(part2, tween2)
		tween4 = ts:Create(part4, TweenInfo.new(0.03333330154418945, Enum.EasingStyle.Linear, Enum.EasingDirection.In, 0, false, 0), {C0 = CFrame.new(1.00001705, -0.460327506, -0.278457522, 0.198515549, -0.0784437582, 0.976953685, 0.789176643, 0.603894055, -0.11186973, -0.58120048, 0.793196201, 0.181787729)}) tween4:Play() tablesorting(part4, tween4)
		tween3 = ts:Create(part3, TweenInfo.new(0.03333330154418945, Enum.EasingStyle.Linear, Enum.EasingDirection.In, 0, false, 0), {C0 = CFrame.new(-0.626381159, 0.324765742, -0.901758671, -0.98521328, 0.164586008, -0.0476053208, -0.0961182714, -0.300932884, 0.948791444, 0.14183253, 0.939336836, 0.312302738)}) tween3:Play() tablesorting(part3, tween3)
		task.wait(0.018333301544189454)

		if afterframe() then
			return
		end

		--19, 1.6833332777023315
		tween1 = ts:Create(part1, TweenInfo.new(0.08333337306976318, Enum.EasingStyle.Linear, Enum.EasingDirection.In, 0, false, 0), {C0 = CFrame.new(-0.151516423, 1.59009337, -0.0454548895, -0.926708877, -0.30880776, -0.214122713, -0.367808014, 0.862140536, 0.348469913, 0.0769936144, 0.401686102, -0.912535429)}) tween1:Play() tablesorting(part1, tween1)
		tween6 = ts:Create(part6, TweenInfo.new(0.08333337306976318, Enum.EasingStyle.Linear, Enum.EasingDirection.In, 0, false, 0), {C0 = CFrame.new(3.88361514e-06, 1.0000118, 6.73532486e-06, -0.998405993, 0.0547660515, -0.0136466315, 0.0477615669, 0.948638976, 0.312734812, 0.0300729815, 0.311584383, -0.949742496)}) tween6:Play() tablesorting(part6, tween6)
		tween5 = ts:Create(part5, TweenInfo.new(0.08333337306976318, Enum.EasingStyle.Linear, Enum.EasingDirection.In, 0, false, 0), {C0 = CFrame.new(-1.00048625, -0.588858008, -0.367757559, -0.254474878, 0.138379216, -0.957127869, -0.961048543, 0.0741779655, 0.26624155, 0.107839867, 0.987597942, 0.114112556)}) tween5:Play() tablesorting(part5, tween5)
		tween2 = ts:Create(part2, TweenInfo.new(0.08333337306976318, Enum.EasingStyle.Linear, Enum.EasingDirection.In, 0, false, 0), {C0 = CFrame.new(0.410334408, 0.448388249, -0.915625572, -0.721210957, 0.272512287, 0.636860847, 0.645484984, -0.0692943633, 0.760627985, 0.251410186, 0.959656, -0.125927135)}) tween2:Play() tablesorting(part2, tween2)
		tween4 = ts:Create(part4, TweenInfo.new(0.08333337306976318, Enum.EasingStyle.Linear, Enum.EasingDirection.In, 0, false, 0), {C0 = CFrame.new(1.0000298, -0.460311055, -0.278471708, 0.115535736, -0.183982849, 0.976115584, 0.993283927, 0.0276246816, -0.112360999, -0.00629235804, 0.982541382, 0.185938895)}) tween4:Play() tablesorting(part4, tween4)
		tween3 = ts:Create(part3, TweenInfo.new(0.08333337306976318, Enum.EasingStyle.Linear, Enum.EasingDirection.In, 0, false, 0), {C0 = CFrame.new(-0.932407141, 0.503827572, -0.553891182, -0.950924695, -0.129729792, -0.28091538, -0.298765481, 0.14872399, 0.942670703, -0.080512017, 0.98033464, -0.180184811)}) tween3:Play() tablesorting(part3, tween3)
		task.wait(0.06833337306976318)

		if afterframe() then
			return
		end

		--20, 1.7666666507720947
		tween1 = ts:Create(part1, TweenInfo.new(0.05000007152557373, Enum.EasingStyle.Linear, Enum.EasingDirection.In, 0, false, 0), {C0 = CFrame.new(-0.151513636, 1.69078958, 0.075255096, -0.941662133, -0.269657791, -0.201388493, -0.329813957, 0.858558238, 0.392556757, 0.0670477599, 0.436076462, -0.897408664)}) tween1:Play() tablesorting(part1, tween1)
		tween6 = ts:Create(part6, TweenInfo.new(0.16666662693023682, Enum.EasingStyle.Linear, Enum.EasingDirection.In, 0, false, 0), {C0 = CFrame.new(2.45124102e-06, 1.00002086, 4.02331352e-06, -0.988347292, 0.152175695, -0.00348341465, 0.0670699179, 0.455919534, 0.887490392, 0.136642635, 0.876915097, -0.460813224)}) tween6:Play() tablesorting(part6, tween6)
		tween5 = ts:Create(part5, TweenInfo.new(0.40000009536743164, Enum.EasingStyle.Linear, Enum.EasingDirection.In, 0, false, 0), {C0 = CFrame.new(-1.00049114, -0.588858783, -0.36774537, 0.0473661274, 0.174578294, -0.983503461, -0.451054633, 0.882247567, 0.134882137, 0.891241431, 0.437223315, 0.120533377)}) tween5:Play() tablesorting(part5, tween5)
		tween2 = ts:Create(part2, TweenInfo.new(0.11666667461395264, Enum.EasingStyle.Linear, Enum.EasingDirection.In, 0, false, 0), {C0 = CFrame.new(0.816922665, 0.67387104, -0.331760466, -0.881953239, -0.055826731, 0.468018919, 0.470789909, -0.0565292202, 0.880432367, -0.0226949751, 0.996838748, 0.0761389434)}) tween2:Play() tablesorting(part2, tween2)
		tween4 = ts:Create(part4, TweenInfo.new(0.40000009536743164, Enum.EasingStyle.Linear, Enum.EasingDirection.In, 0, false, 0), {C0 = CFrame.new(1.00001931, -0.46036768, -0.278465986, 0.18803896, -0.0779808685, 0.979061425, 0.765656352, 0.635989428, -0.0963959172, -0.615154803, 0.767749548, 0.179295942)}) tween4:Play() tablesorting(part4, tween4)
		tween3 = ts:Create(part3, TweenInfo.new(0.11666667461395264, Enum.EasingStyle.Linear, Enum.EasingDirection.In, 0, false, 0), {C0 = CFrame.new(-1.03212869, 0.792089105, -0.0229510069, -0.930373132, 0.177002594, -0.321054131, -0.311221927, 0.0815358385, 0.946832895, 0.193769351, 0.980827153, -0.0207715593)}) tween3:Play() tablesorting(part3, tween3)
		task.wait(0.03500007152557373)

		if afterframe() then
			return
		end

		--21, 1.8166667222976685
		tween1 = ts:Create(part1, TweenInfo.new(0.11666655540466309, Enum.EasingStyle.Linear, Enum.EasingDirection.In, 0, false, 0), {C0 = CFrame.new(-0.151532441, 1.64262402, 0.124872684, -0.955482483, -0.230542585, -0.184129208, -0.289072871, 0.85642767, 0.42774871, 0.059078984, 0.461933017, -0.884945273)}) tween1:Play() tablesorting(part1, tween1)
		task.wait(0.05166660308837891)

		if afterframe() then
			return
		end

		--22, 1.8833333253860474
		tween2 = ts:Create(part2, TweenInfo.new(0.10000002384185791, Enum.EasingStyle.Linear, Enum.EasingDirection.In, 0, false, 0), {C0 = CFrame.new(1.07200968, 0.713378608, -0.134965867, -0.897974849, -0.350542694, 0.266009986, 0.313901931, -0.0866216943, 0.945495963, -0.308394313, 0.93253243, 0.187820002)}) tween2:Play() tablesorting(part2, tween2)
		tween3 = ts:Create(part3, TweenInfo.new(0.10000002384185791, Enum.EasingStyle.Linear, Enum.EasingDirection.In, 0, false, 0), {C0 = CFrame.new(-1.05481684, 0.86556375, 0.109877065, -0.836019278, 0.469062269, -0.284696758, -0.317495197, 0.00963722356, 0.948210835, 0.447513759, 0.88311249, 0.140868172)}) tween3:Play() tablesorting(part3, tween3)
		task.wait(0.03499995231628418)

		if afterframe() then
			return
		end

		--23, 1.9333332777023315
		tween1 = ts:Create(part1, TweenInfo.new(0.10000002384185791, Enum.EasingStyle.Linear, Enum.EasingDirection.In, 0, false, 0), {C0 = CFrame.new(-0.151534021, 1.2850287, 0.0871324763, -0.963653505, -0.204795793, -0.171553656, -0.26135245, 0.855783939, 0.446462661, 0.0553792007, 0.475071222, -0.878203094)}) tween1:Play() tablesorting(part1, tween1)
		tween6 = ts:Create(part6, TweenInfo.new(0.23333346843719482, Enum.EasingStyle.Linear, Enum.EasingDirection.In, 0, false, 0), {C0 = CFrame.new(-1.49011612e-08, 1.00003707, -6.2584877e-07, -1.00000036, -1.94180757e-07, -5.22704795e-08, 5.59957698e-08, 0.131611049, 0.991302013, 1.82772055e-07, 0.991301715, -0.131611347)}) tween6:Play() tablesorting(part6, tween6)
		task.wait(0.03500007152557373)

		if afterframe() then
			return
		end

		--24, 1.9833333492279053
		tween2 = ts:Create(part2, TweenInfo.new(0.1833333969116211, Enum.EasingStyle.Linear, Enum.EasingDirection.In, 0, false, 0), {C0 = CFrame.new(1.31451869, 0.541992009, -0.295255095, -0.683232605, -0.726194203, -0.0764105022, 0.103373215, -0.19978115, 0.974376678, -0.722848296, 0.657826781, 0.211561441)}) tween2:Play() tablesorting(part2, tween2)
		tween3 = ts:Create(part3, TweenInfo.new(0.1833333969116211, Enum.EasingStyle.Linear, Enum.EasingDirection.In, 0, false, 0), {C0 = CFrame.new(-0.994669676, 0.715358734, -0.174261659, -0.525193095, 0.84668541, -0.0854229331, -0.344498307, -0.119748503, 0.931120455, 0.778136849, 0.518444717, 0.354570985)}) tween3:Play() tablesorting(part3, tween3)
		task.wait(0.03499995231628418)

		if afterframe() then
			return
		end

		--25, 2.0333333015441895
		tween1 = ts:Create(part1, TweenInfo.new(0.13333344459533691, Enum.EasingStyle.Linear, Enum.EasingDirection.In, 0, false, 0), {C0 = CFrame.new(-0.151520222, 1.18399024, 0.100530356, -0.968954802, -0.186736345, -0.16203776, -0.24124071, 0.85756743, 0.45429197, 0.0541254692, 0.479278535, -0.875992656)}) tween1:Play() tablesorting(part1, tween1)
		task.wait(0.11833344459533691)

		if afterframe() then
			return
		end

		--26, 2.1666667461395264
		tween1 = ts:Create(part1, TweenInfo.new(0.03333330154418945, Enum.EasingStyle.Linear, Enum.EasingDirection.In, 0, false, 0), {C0 = CFrame.new(0.106703885, 1.61112642, 0.353476107, -0.99956131, 0.0121737327, -0.0269970801, -0.00738004036, 0.780449867, 0.62517488, 0.0286805928, 0.625099957, -0.780017912)}) tween1:Play() tablesorting(part1, tween1)
		tween6 = ts:Create(part6, TweenInfo.new(0.03333330154418945, Enum.EasingStyle.Linear, Enum.EasingDirection.In, 0, false, 0), {C0 = CFrame.new(2.02096999e-07, 1.00003695, -8.34465027e-07, -1.00000036, -1.91153958e-07, 6.19329512e-08, 5.61121851e-08, 0.651318252, 0.758805633, 1.82539225e-07, 0.758805037, -0.651318312)}) tween6:Play() tablesorting(part6, tween6)
		tween5 = ts:Create(part5, TweenInfo.new(0.03333330154418945, Enum.EasingStyle.Linear, Enum.EasingDirection.In, 0, false, 0), {C0 = CFrame.new(-1.0004909, -0.588854432, -0.367749751, -0.0529702008, 0.172960371, -0.983503461, -0.851873875, 0.5060848, 0.134882137, 0.521066666, 0.844964564, 0.120533399)}) tween5:Play() tablesorting(part5, tween5)
		tween2 = ts:Create(part2, TweenInfo.new(0.03333330154418945, Enum.EasingStyle.Linear, Enum.EasingDirection.In, 0, false, 0), {C0 = CFrame.new(1.04662371, 0.338896632, -0.560965836, -0.97100544, -0.238943189, -0.00738701224, -0.0421067029, 0.140530646, 0.989180744, -0.235319629, 0.960811019, -0.14651747)}) tween2:Play() tablesorting(part2, tween2)
		tween4 = ts:Create(part4, TweenInfo.new(0.03333330154418945, Enum.EasingStyle.Linear, Enum.EasingDirection.In, 0, false, 0), {C0 = CFrame.new(1.00002098, -0.460362077, -0.278466702, 0.10499303, -0.174402177, 0.979061425, 0.993707538, 0.0570757985, -0.0963959247, -0.0390690118, 0.983019948, 0.179295912)}) tween4:Play() tablesorting(part4, tween4)
		tween3 = ts:Create(part3, TweenInfo.new(0.03333330154418945, Enum.EasingStyle.Linear, Enum.EasingDirection.In, 0, false, 0), {C0 = CFrame.new(-1.01072586, 0.132050544, -0.150650948, -0.867017686, 0.389948428, -0.310195953, -0.244808212, 0.208857879, 0.946811557, 0.433995724, 0.896838546, -0.0856222585)}) tween3:Play() tablesorting(part3, tween3)
		task.wait(0.018333301544189454)

		if afterframe() then
			return
		end

		--27, 2.200000047683716
		tween1 = ts:Create(part1, TweenInfo.new(0.04999995231628418, Enum.EasingStyle.Linear, Enum.EasingDirection.In, 0, false, 0), {C0 = CFrame.new(0.105217755, 1.62552571, 0.268263191, -0.999561369, 0.00851466693, -0.0283644237, -0.0073800832, 0.855942786, 0.51701802, 0.0286805537, 0.517000496, -0.855504692)}) tween1:Play() tablesorting(part1, tween1)
		tween6 = ts:Create(part6, TweenInfo.new(0.09999990463256836, Enum.EasingStyle.Linear, Enum.EasingDirection.In, 0, false, 0), {C0 = CFrame.new(1.86264515e-09, 1.00003719, -7.4505806e-07, -1.00000036, -1.96276233e-07, -4.37139533e-08, 5.58793545e-08, 0.176282316, 0.98434031, 1.83004886e-07, 0.984339952, -0.176282585)}) tween6:Play() tablesorting(part6, tween6)
		tween5 = ts:Create(part5, TweenInfo.new(0.04999995231628418, Enum.EasingStyle.Linear, Enum.EasingDirection.In, 0, false, 0), {C0 = CFrame.new(-1.00049317, -0.588856339, -0.36774081, -0.055190511, 0.172265053, -0.983503222, -0.858311415, 0.495084286, 0.134881452, 0.5101524, 0.851596415, 0.120533079)}) tween5:Play() tablesorting(part5, tween5)
		tween2 = ts:Create(part2, TweenInfo.new(0.04999995231628418, Enum.EasingStyle.Linear, Enum.EasingDirection.In, 0, false, 0), {C0 = CFrame.new(1.14974821, 0.447910726, -0.303920627, -0.9949705, 0.0395779014, 0.0920170248, 0.0942781195, 0.0596651621, 0.993756473, 0.0338406116, 0.997433543, -0.0630964562)}) tween2:Play() tablesorting(part2, tween2)
		tween4 = ts:Create(part4, TweenInfo.new(0.04999995231628418, Enum.EasingStyle.Linear, Enum.EasingDirection.In, 0, false, 0), {C0 = CFrame.new(1.00001764, -0.460366011, -0.278462172, 0.100685447, -0.176923096, 0.979061067, 0.994805813, 0.0326982886, -0.0963958353, -0.0149589479, 0.983681321, 0.179296359)}) tween4:Play() tablesorting(part4, tween4)
		tween3 = ts:Create(part3, TweenInfo.new(0.04999995231628418, Enum.EasingStyle.Linear, Enum.EasingDirection.In, 0, false, 0), {C0 = CFrame.new(-1.00904489, 0.241677582, 0.0500874072, -0.730490565, 0.538775325, -0.419648677, -0.491338074, 0.0121530937, 0.870884359, 0.474310786, 0.842362106, 0.255842924)}) tween3:Play() tablesorting(part3, tween3)
		task.wait(0.03499995231628418)

		if afterframe() then
			return
		end

		--28, 2.25
		tween1 = ts:Create(part1, TweenInfo.new(0.04999995231628418, Enum.EasingStyle.Linear, Enum.EasingDirection.In, 0, false, 0), {C0 = CFrame.new(0.103727892, 1.32966626, 0.183049917, -0.999561429, 0.0047073774, -0.0292383768, -0.00738004036, 0.91654408, 0.399865836, 0.0286805984, 0.399906218, -0.916107535)}) tween1:Play() tablesorting(part1, tween1)
		tween5 = ts:Create(part5, TweenInfo.new(0.04999995231628418, Enum.EasingStyle.Linear, Enum.EasingDirection.In, 0, false, 0), {C0 = CFrame.new(-1.00049114, -0.588858902, -0.367744863, 0.0531318933, 0.172910765, -0.98350352, -0.421536744, 0.896726072, 0.134882152, 0.905256152, 0.407414675, 0.120533422)}) tween5:Play() tablesorting(part5, tween5)
		tween2 = ts:Create(part2, TweenInfo.new(0.04999995231628418, Enum.EasingStyle.Linear, Enum.EasingDirection.In, 0, false, 0), {C0 = CFrame.new(1.25287378, 0.556928873, -0.0468793213, -0.886547267, -0.433886647, 0.160549521, 0.164937884, 0.0278014522, 0.9859128, -0.432237238, 0.900538921, 0.0469161682)}) tween2:Play() tablesorting(part2, tween2)
		tween4 = ts:Create(part4, TweenInfo.new(0.04999995231628418, Enum.EasingStyle.Linear, Enum.EasingDirection.In, 0, false, 0), {C0 = CFrame.new(1.00001955, -0.460366726, -0.278465688, 0.181302041, -0.092570141, 0.979061365, 0.813436747, 0.573613882, -0.0963959247, -0.552679002, 0.813879967, 0.179295927)}) tween4:Play() tablesorting(part4, tween4)
		tween3 = ts:Create(part3, TweenInfo.new(0.04999995231628418, Enum.EasingStyle.Linear, Enum.EasingDirection.In, 0, false, 0), {C0 = CFrame.new(-1.0096153, 0.192288905, -0.0125507116, 0.112654515, 0.943113267, -0.312805831, -0.581766367, 0.317814529, 0.748697042, 0.805519998, 0.0976332873, 0.584472418)}) tween3:Play() tablesorting(part3, tween3)
		task.wait(0.03499995231628418)

		if afterframe() then
			return
		end

		--29, 2.299999952316284
