function animation(character)
	local canceldb = false
	local root = character:FindFirstChild("HumanoidRootPart", true)
	local part1 = character["HumanoidRootPart"]["RootJoint"]	
	local part2 = character["Torso"]["Right Shoulder"]
	local part3 = character["Torso"]["Left Shoulder"]
	local part4 = character["Torso"]["Right Hip"]
	local part5 = character["Torso"]["Left Hip"]
	local part6 = character["Torso"]["Neck"]
	local val = 2 --Action
	local tweens = {}
	local function tablesorting(part, tween)
		for i, v in pairs(tweens) do
			if v.Instance == part then
				table.remove(tweens, table.find(tweens, v))
			end
		end
		table.insert(tweens, tween)
	end
	local ts = game:GetService("TweenService")
	local tween1, tween2, tween3, tween4, tween5, tween6

	local priority = root:FindFirstChild("priority")
	if not priority then
		priority = Instance.new("NumberValue", root)
		priority.Name = "priority"
	end

	local anims = root:FindFirstChild("anims")
	if not anims then
		anims = Instance.new("Folder", root)
		anims.Name = "anims"
	end
	local animvalue = anims:FindFirstChild("KJIntro")
	if not animvalue then
		animvalue = Instance.new("BoolValue", anims)
		animvalue.Value = true
		animvalue.Name = "KJIntro"
	end
	animvalue.Value = true

	local function afterframe()
		if canceldb or not character or not part1 then
			return true
		else
			return false
		end
	end

	if afterframe() then
		animvalue.Value = false
		return false
	end
	priority.Value = val
	local connect
	local connect2
	connect = priority.Changed:Connect(function()
		if priority.Value > val then
			for i, v in pairs(tweens) do
				if v and v.PlaybackState == Enum.PlaybackState.Playing then
					v:Cancel()
				end
			end
			canceldb = true
			connect2:Disconnect()
			connect:Disconnect()
		else
			priority.Value = val
		end
	end)
	connect2 = animvalue.Changed:Connect(function()
		if not animvalue.Value then
			for i, v in pairs(tweens) do
				if v and v.PlaybackState == Enum.PlaybackState.Playing then
					v:Cancel()
				end
			end
			canceldb = true
			connect:Disconnect()
			if priority.Value <= val then
				priority.Value = 0
			end
			connect2:Disconnect()
		--smooth transition
		tween1 = ts:Create(part1, TweenInfo.new(0.5), {C0 = CFrame.new(0, 0, 0, -1, 0, 0, 0, 0, 1, 0, 1, -0)}) tween1:Play() tablesorting(part1, tween1)
		tween2 = ts:Create(part2, TweenInfo.new(0.5), {C0 = CFrame.new(1, 0.5, 0, 0, 0, 1, 0, 1, -0, -1, 0, 0)}) tween2:Play() tablesorting(part2, tween2)
		tween3 = ts:Create(part3, TweenInfo.new(0.5), {C0 = CFrame.new(-1, 0.5, 0, 0, 0, -1, 0, 1, 0, 1, 0, 0)}) tween3:Play() tablesorting(part3, tween3)
		tween4 = ts:Create(part4, TweenInfo.new(0.5), {C0 = CFrame.new(1, -1, 0, 0, 0, 1, 0, 1, -0, -1, 0, 0)}) tween4:Play() tablesorting(part4, tween4)
		tween5 = ts:Create(part5, TweenInfo.new(0.5), {C0 = CFrame.new(-1, -1, 0, 0, 0, -1, 0, 1, 0, 1, 0, 0)}) tween5:Play() tablesorting(part5, tween5)
		tween6 = ts:Create(part6, TweenInfo.new(0.5), {C0 = CFrame.new(0, 1, 0, -1, 0, 0, 0, 0, 1, 0, 1, -0)}) tween6:Play() tablesorting(part6, tween6)
		end
	end)
	if true then
		--1, 0
		tween1 = ts:Create(part1, TweenInfo.new(0.1666666716337204, Enum.EasingStyle.Linear, Enum.EasingDirection.In, 0, false, 0), {C0 = CFrame.new(0.281259477, -0.122472487, 5.89723778, -0.998202622, 0.0576516576, 0.0163730755, 0.0209959876, 0.0805175826, 0.996532679, 0.0561334044, 0.995084584, -0.0815833211)}) tween1:Play() tablesorting(part1, tween1)
		tween6 = ts:Create(part6, TweenInfo.new(0.4166666567325592, Enum.EasingStyle.Linear, Enum.EasingDirection.In, 0, false, 0), {C0 = CFrame.new(-3.7252903e-09, 1, 0, -0.976915956, -0.212948292, -0.0170003287, -0.0928468406, 0.351573706, 0.931544781, -0.192394018, 0.911619186, -0.363229185)}) tween6:Play() tablesorting(part6, tween6)
		tween5 = ts:Create(part5, TweenInfo.new(0.1666666716337204, Enum.EasingStyle.Linear, Enum.EasingDirection.In, 0, false, 0), {C0 = CFrame.new(-0.945610046, -0.833126426, -0.50564158, -0.00883252919, -0.0050477786, -0.999948144, 0.407642961, 0.913104475, -0.00821012259, 0.913098693, -0.407694399, -0.00600735843)}) tween5:Play() tablesorting(part5, tween5)
		tween2 = ts:Create(part2, TweenInfo.new(0.4166666567325592, Enum.EasingStyle.Sine, Enum.EasingDirection.InOut, 0, false, 0), {C0 = CFrame.new(0.830752969, 0.496580064, -0.460736573, 0.0159662887, 0.596429527, 0.802506506, 0.921673238, 0.302382767, -0.243070528, -0.387638718, 0.743529499, -0.544885159)}) tween2:Play() tablesorting(part2, tween2)
		tween4 = ts:Create(part4, TweenInfo.new(0.1666666716337204, Enum.EasingStyle.Linear, Enum.EasingDirection.In, 0, false, 0), {C0 = CFrame.new(0.980500758, -0.987662315, -0.0531670451, 0.168814018, 0.0257283933, 0.985311985, 0.238347903, 0.968925059, -0.0661367923, -0.956395447, 0.246011853, 0.15743582)}) tween4:Play() tablesorting(part4, tween4)
		tween3 = ts:Create(part3, TweenInfo.new(0.5166666507720947, Enum.EasingStyle.Sine, Enum.EasingDirection.InOut, 0, false, 0), {C0 = CFrame.new(-0.968363166, 0.461332023, 0.122215688, 0.541227341, 0.0319499709, -0.840268552, 0.0359225608, 0.997487426, 0.0610659346, 0.840108395, -0.063235119, 0.538719535)}) tween3:Play() tablesorting(part3, tween3)
		task.wait(0.15166667163372038)

		if afterframe() then
			return
		end

		--2, 0.1666666716337204
		tween1 = ts:Create(part1, TweenInfo.new(0.13333334028720856, Enum.EasingStyle.Linear, Enum.EasingDirection.In, 0, false, 0), {C0 = CFrame.new(0.34508881, -0.100845061, 5.36699533, -0.991775393, 0.127473608, 0.0114992866, 0.0237840638, 0.0952726901, 0.995167673, 0.125761971, 0.987255633, -0.0975209922)}) tween1:Play() tablesorting(part1, tween1)
		tween5 = ts:Create(part5, TweenInfo.new(0.13333334028720856, Enum.EasingStyle.Linear, Enum.EasingDirection.In, 0, false, 0), {C0 = CFrame.new(-0.928162873, -0.754055023, -0.673382878, -0.0716697425, 0.0165958926, -0.997290194, 0.230460063, 0.973081648, -0.00036887452, 0.970438898, -0.229862034, -0.0735652447)}) tween5:Play() tablesorting(part5, tween5)
		tween4 = ts:Create(part4, TweenInfo.new(0.13333334028720856, Enum.EasingStyle.Linear, Enum.EasingDirection.In, 0, false, 0), {C0 = CFrame.new(0.970275521, -0.995341539, 0.0363080017, 0.158187047, 0.0376882702, 0.986689568, 0.0598941371, 0.997064888, -0.0476868674, -0.985590935, 0.0666403472, 0.155465469)}) tween4:Play() tablesorting(part4, tween4)
		task.wait(0.11833334028720856)

		if afterframe() then
			return
		end

		--3, 0.30000001192092896
		tween1 = ts:Create(part1, TweenInfo.new(0.11666664481163025, Enum.EasingStyle.Linear, Enum.EasingDirection.In, 0, false, 0), {C0 = CFrame.new(0.257712215, -0.175654829, 4.88812828, -0.98826021, 0.151173949, -0.0220974348, -0.00304631959, 0.12510851, 0.992139101, 0.15275003, 0.980558217, -0.123179287)}) tween1:Play() tablesorting(part1, tween1)
		tween5 = ts:Create(part5, TweenInfo.new(0.18333330750465393, Enum.EasingStyle.Linear, Enum.EasingDirection.In, 0, false, 0), {C0 = CFrame.new(-0.933830142, -0.484163284, -0.577035546, -0.0713864192, -0.0177761875, -0.997291505, -0.236780226, 0.971563399, -0.000368921086, 0.968937159, 0.236112148, -0.0735650659)}) tween5:Play() tablesorting(part5, tween5)
		tween4 = ts:Create(part4, TweenInfo.new(0.11666664481163025, Enum.EasingStyle.Linear, Enum.EasingDirection.In, 0, false, 0), {C0 = CFrame.new(0.970275283, -0.995341659, 0.0363079756, 0.139885664, 0.0369022228, 0.98947978, -0.185425028, 0.982602835, -0.0104317032, -0.972650766, -0.182015002, 0.144294694)}) tween4:Play() tablesorting(part4, tween4)
		task.wait(0.10166664481163025)

		if afterframe() then
			return
		end

		--4, 0.4166666567325592
		tween1 = ts:Create(part1, TweenInfo.new(0.09999999403953552, Enum.EasingStyle.Linear, Enum.EasingDirection.In, 0, false, 0), {C0 = CFrame.new(0.178363994, -0.170331463, 4.57853889, -0.990184844, 0.132271096, -0.0451484919, -0.0287632179, 0.123265311, 0.991957426, 0.136772454, 0.983519256, -0.118250944)}) tween1:Play() tablesorting(part1, tween1)
		tween6 = ts:Create(part6, TweenInfo.new(0.31666669249534607, Enum.EasingStyle.Linear, Enum.EasingDirection.In, 0, false, 0), {C0 = CFrame.new(-7.4505806e-09, 1, 2.98023224e-08, -0.983591199, -0.173801377, 0.0483945981, -0.0162509754, 0.352504134, 0.935669363, -0.17967993, 0.919529438, -0.349543989)}) tween6:Play() tablesorting(part6, tween6)
		tween2 = ts:Create(part2, TweenInfo.new(0.5000000298023224, Enum.EasingStyle.Sine, Enum.EasingDirection.InOut, 0, false, 0), {C0 = CFrame.new(0.91973716, 0.495160282, -0.469623148, 0.0982514322, 0.555800796, 0.825488746, 0.89185667, 0.318843752, -0.320827842, -0.441518605, 0.767739296, -0.464367718)}) tween2:Play() tablesorting(part2, tween2)
		tween4 = ts:Create(part4, TweenInfo.new(0.09999999403953552, Enum.EasingStyle.Linear, Enum.EasingDirection.In, 0, false, 0), {C0 = CFrame.new(0.997552156, -0.926218688, -0.0828855336, 0.129673302, 0.0435699932, 0.990598977, -0.348978668, 0.937119842, 0.00446484238, -0.928115606, -0.34627685, 0.136724457)}) tween4:Play() tablesorting(part4, tween4)
		task.wait(0.05166666269302368)

		if afterframe() then
			return
		end

		--5, 0.4833333194255829
		tween5 = ts:Create(part5, TweenInfo.new(0.11666670441627502, Enum.EasingStyle.Linear, Enum.EasingDirection.In, 0, false, 0), {C0 = CFrame.new(-0.979003191, -0.901524603, -0.202586442, -0.0226925313, -0.00960973185, -0.999696136, -0.280420452, 0.95987308, -0.00286154449, 0.959608972, 0.280270338, -0.0244767666)}) tween5:Play() tablesorting(part5, tween5)
		task.wait(0.01833333134651184)

		if afterframe() then
			return
		end

		--6, 0.5166666507720947
		tween1 = ts:Create(part1, TweenInfo.new(0.08333337306976318, Enum.EasingStyle.Linear, Enum.EasingDirection.In, 0, false, 0), {C0 = CFrame.new(0.108529963, -0.108022965, 4.40460825, -0.994601786, 0.0844761878, -0.0602584183, -0.0519212373, 0.097635299, 0.993867636, 0.0898414254, 0.991630673, -0.0927221701)}) tween1:Play() tablesorting(part1, tween1)
		tween4 = ts:Create(part4, TweenInfo.new(0.08333337306976318, Enum.EasingStyle.Linear, Enum.EasingDirection.In, 0, false, 0), {C0 = CFrame.new(1.04301322, -0.811014593, -0.281541139, 0.124277413, 0.0571720116, 0.990598977, -0.447082072, 0.894481599, 0.00446484238, -0.885817468, -0.44343394, 0.136724487)}) tween4:Play() tablesorting(part4, tween4)
		tween3 = ts:Create(part3, TweenInfo.new(0.46666669845581055, Enum.EasingStyle.Sine, Enum.EasingDirection.InOut, 0, false, 0), {C0 = CFrame.new(-0.989258349, 0.391663551, -0.0945283622, -0.349390686, 0.0797040761, -0.933580875, -0.225576937, 0.959914386, 0.166373968, 0.909418344, 0.268723905, -0.31740576)}) tween3:Play() tablesorting(part3, tween3)
		task.wait(0.06833337306976318)

		if afterframe() then
			return
		end

		--7, 0.6000000238418579
		tween1 = ts:Create(part1, TweenInfo.new(0.08333331346511841, Enum.EasingStyle.Linear, Enum.EasingDirection.In, 0, false, 0), {C0 = CFrame.new(0.0736943111, -0.088847138, 4.14707375, -0.99771601, 0.0414171219, -0.0533604845, -0.050865531, 0.0591199547, 0.996954739, 0.0444456413, 0.997391462, -0.0568782277)}) tween1:Play() tablesorting(part1, tween1)
		tween5 = ts:Create(part5, TweenInfo.new(0.13333332538604736, Enum.EasingStyle.Linear, Enum.EasingDirection.In, 0, false, 0), {C0 = CFrame.new(-1.00000012, -1, 2.23517418e-08, 2.98023224e-08, -0.0480142608, -0.998846412, -0.0469943173, 0.99774313, -0.0479612127, 0.998895109, 0.0469401181, -0.00225643814)}) tween5:Play() tablesorting(part5, tween5)
		tween4 = ts:Create(part4, TweenInfo.new(0.08333331346511841, Enum.EasingStyle.Linear, Enum.EasingDirection.In, 0, false, 0), {C0 = CFrame.new(1.04253626, -0.777708173, -0.381080925, 0.0986209959, 0.0471595638, 0.994006991, -0.366283119, 0.930470526, -0.00780414045, -0.925262451, -0.363318205, 0.109037682)}) tween4:Play() tablesorting(part4, tween4)
		task.wait(0.06833331346511841)

		if afterframe() then
			return
		end

		--8, 0.6833333373069763
		tween1 = ts:Create(part1, TweenInfo.new(0.10000002384185791, Enum.EasingStyle.Linear, Enum.EasingDirection.In, 0, false, 0), {C0 = CFrame.new(0.119887441, -0.0926616117, 3.83450246, -0.999296665, -0.0121163214, -0.0354904644, -0.0360614993, 0.05071472, 0.998062611, -0.0102929519, 0.998639822, -0.0511159897)}) tween1:Play() tablesorting(part1, tween1)
		tween4 = ts:Create(part4, TweenInfo.new(0.10000002384185791, Enum.EasingStyle.Linear, Enum.EasingDirection.In, 0, false, 0), {C0 = CFrame.new(1.01041043, -0.762916923, -0.469325244, -0.00701615214, 0.0112700984, 0.999911904, -0.176458254, 0.984230697, -0.0123315305, -0.98428303, -0.176529229, -0.00491678715)}) tween4:Play() tablesorting(part4, tween4)
		task.wait(0.035000011920928956)

		if afterframe() then
			return
		end

		--9, 0.7333333492279053
		tween6 = ts:Create(part6, TweenInfo.new(0.25, Enum.EasingStyle.Linear, Enum.EasingDirection.In, 0, false, 0), {C0 = CFrame.new(-1.86264515e-08, 1, -2.98023224e-08, -0.994365394, -0.0300875027, 0.101651199, 0.0846990794, 0.351161063, 0.932476521, -0.0637518466, 0.935831845, -0.346633613)}) tween6:Play() tablesorting(part6, tween6)
		tween5 = ts:Create(part5, TweenInfo.new(0.11666667461395264, Enum.EasingStyle.Linear, Enum.EasingDirection.In, 0, false, 0), {C0 = CFrame.new(-1.00000012, -0.999999821, -4.47034836e-08, -0.000990778208, -0.0143963359, -0.999895692, 0.0902886614, 0.995811164, -0.0144270062, 0.995914996, -0.0902935565, 0.000313133001)}) tween5:Play() tablesorting(part5, tween5)
		task.wait(0.035000011920928956)

		if afterframe() then
			return
		end

		--10, 0.7833333611488342
		tween1 = ts:Create(part1, TweenInfo.new(0.06666666269302368, Enum.EasingStyle.Linear, Enum.EasingDirection.In, 0, false, 0), {C0 = CFrame.new(0.209346682, -0.113088317, 3.62376738, -0.998704314, -0.0484709963, -0.015504689, -0.0189225711, 0.0708702207, 0.997306764, -0.0472416021, 0.996307194, -0.0716956034)}) tween1:Play() tablesorting(part1, tween1)
		tween4 = ts:Create(part4, TweenInfo.new(0.06666666269302368, Enum.EasingStyle.Linear, Enum.EasingDirection.In, 0, false, 0), {C0 = CFrame.new(0.967957616, -0.769839585, -0.507352591, -0.131673187, -0.00951352157, 0.991247416, 0.0135746896, 0.999842644, 0.0113992281, -0.991200268, 0.0149568468, -0.131523341)}) tween4:Play() tablesorting(part4, tween4)
		task.wait(0.05166666269302368)

		if afterframe() then
			return
		end

		--11, 0.8500000238418579
		tween1 = ts:Create(part1, TweenInfo.new(0.06666666269302368, Enum.EasingStyle.Linear, Enum.EasingDirection.In, 0, false, 0), {C0 = CFrame.new(0.254134864, -0.127737105, 3.51244283, -0.994909525, -0.0994931906, -0.0160049517, -0.0287677627, 0.128201067, 0.991331518, -0.0965788141, 0.98674494, -0.130410716)}) tween1:Play() tablesorting(part1, tween1)
		tween5 = ts:Create(part5, TweenInfo.new(0.06666666269302368, Enum.EasingStyle.Linear, Enum.EasingDirection.In, 0, false, 0), {C0 = CFrame.new(-1, -0.974098861, -0.0662138313, -0.000455126166, -0.00478950329, -0.999988258, 0.141990811, 0.989856303, -0.00480562076, 0.989867806, -0.141991377, 0.000229537487)}) tween5:Play() tablesorting(part5, tween5)
		tween4 = ts:Create(part4, TweenInfo.new(0.06666666269302368, Enum.EasingStyle.Linear, Enum.EasingDirection.In, 0, false, 0), {C0 = CFrame.new(0.94673121, -0.773301363, -0.526366293, -0.101832964, -0.0586736202, 0.993069649, 0.0667208135, 0.995608389, 0.0656653941, -0.992561519, 0.0729452968, -0.0974710137)}) tween4:Play() tablesorting(part4, tween4)
		task.wait(0.05166666269302368)

		if afterframe() then
			return
		end

		--12, 0.9166666865348816
		tween1 = ts:Create(part1, TweenInfo.new(0.06666666269302368, Enum.EasingStyle.Linear, Enum.EasingDirection.In, 0, false, 0), {C0 = CFrame.new(0.276454538, -0.143048793, 3.32347655, -0.982315183, -0.185081214, -0.0283178166, -0.0726827383, 0.237556815, 0.968651235, -0.17255196, 0.953578472, -0.246807978)}) tween1:Play() tablesorting(part1, tween1)
		tween5 = ts:Create(part5, TweenInfo.new(0.06666666269302368, Enum.EasingStyle.Linear, Enum.EasingDirection.In, 0, false, 0), {C0 = CFrame.new(-1.00000012, -0.803883255, -0.224444658, 2.98023224e-08, 6.51925802e-09, -0.999999821, 0.109981, 0.993933737, -7.4505806e-09, 0.993933618, -0.109981015, -1.49011612e-08)}) tween5:Play() tablesorting(part5, tween5)
		tween2 = ts:Create(part2, TweenInfo.new(0.06666666269302368, Enum.EasingStyle.Linear, Enum.EasingDirection.In, 0, false, 0), {C0 = CFrame.new(0.91973716, 0.49516052, -0.469623864, -0.199231803, 0.514540136, 0.833999217, 0.957233608, -0.0800091624, 0.278033197, 0.209786534, 0.853725135, -0.476594985)}) tween2:Play() tablesorting(part2, tween2)
		tween4 = ts:Create(part4, TweenInfo.new(0.06666666269302368, Enum.EasingStyle.Linear, Enum.EasingDirection.In, 0, false, 0), {C0 = CFrame.new(1.10943973, -0.827755094, -0.44646275, 0.056428656, -0.242898181, 0.96840924, 0.104179099, 0.96609211, 0.23624669, -0.992956519, 0.0875568986, 0.0798202157)}) tween4:Play() tablesorting(part4, tween4)
		task.wait(0.05166666269302368)

		if afterframe() then
			return
		end

		--13, 0.9833333492279053
		tween1 = ts:Create(part1, TweenInfo.new(0.04999995231628418, Enum.EasingStyle.Linear, Enum.EasingDirection.In, 0, false, 0), {C0 = CFrame.new(0.276396632, -0.154983908, 3.12365818, -0.960553288, -0.275521189, -0.0377574824, -0.137040555, 0.350817502, 0.926362753, -0.241986394, 0.894994736, -0.374736667)}) tween1:Play() tablesorting(part1, tween1)
		tween6 = ts:Create(part6, TweenInfo.new(0.13333332538604736, Enum.EasingStyle.Linear, Enum.EasingDirection.In, 0, false, 0), {C0 = CFrame.new(3.53902578e-08, 1, -7.4505806e-09, -0.994077921, 0.105061635, 0.0277807079, -0.0228658598, -0.45212847, 0.891659796, 0.106239676, 0.885744035, 0.451853156)}) tween6:Play() tablesorting(part6, tween6)
		tween5 = ts:Create(part5, TweenInfo.new(0.04999995231628418, Enum.EasingStyle.Linear, Enum.EasingDirection.In, 0, false, 0), {C0 = CFrame.new(-1, -0.567985415, -0.412130713, 2.98023224e-08, 6.51925802e-09, -0.999999821, 0.0227613077, 0.999741018, -8.38190317e-09, 0.999740958, -0.0227613151, -1.49011612e-08)}) tween5:Play() tablesorting(part5, tween5)
		tween2 = ts:Create(part2, TweenInfo.new(0.04999995231628418, Enum.EasingStyle.Linear, Enum.EasingDirection.In, 0, false, 0), {C0 = CFrame.new(0.857445419, 0.59967941, -0.674136937, -0.580257118, 0.0101466328, 0.814370334, 0.709944367, -0.483694434, 0.511877954, 0.399100333, 0.875178456, 0.273463637)}) tween2:Play() tablesorting(part2, tween2)
		tween4 = ts:Create(part4, TweenInfo.new(0.04999995231628418, Enum.EasingStyle.Linear, Enum.EasingDirection.In, 0, false, 0), {C0 = CFrame.new(1.22991848, -0.905078292, -0.30736208, 0.269055814, -0.345967203, 0.898842931, 0.123095185, 0.937954187, 0.324174583, -0.955227852, 0.0234220922, 0.294948101)}) tween4:Play() tablesorting(part4, tween4)
		tween3 = ts:Create(part3, TweenInfo.new(0.13333332538604736, Enum.EasingStyle.Linear, Enum.EasingDirection.In, 0, false, 0), {C0 = CFrame.new(-0.99087894, 0.408017308, -0.0802596807, -0.816214383, 0.0507380851, -0.575516701, -0.569291115, -0.240454987, 0.786186099, -0.0984962434, 0.969333589, 0.225147635)}) tween3:Play() tablesorting(part3, tween3)
		task.wait(0.03499995231628418)

		if afterframe() then
			return
		end

		--14, 1.0333333015441895
		tween1 = ts:Create(part1, TweenInfo.new(0.08333337306976318, Enum.EasingStyle.Linear, Enum.EasingDirection.In, 0, false, 0), {C0 = CFrame.new(0.587454259, -0.32518363, 2.73178482, -0.985470891, -0.131409124, 0.107604593, 0.0227925573, 0.525497615, 0.850490332, -0.168308049, 0.840585589, -0.514867783)}) tween1:Play() tablesorting(part1, tween1)
		tween5 = ts:Create(part5, TweenInfo.new(0.16666674613952637, Enum.EasingStyle.Linear, Enum.EasingDirection.In, 0, false, 0), {C0 = CFrame.new(-1.05362594, -0.439474225, -0.303480715, -9.68575478e-08, -0.441212893, -0.897402644, -0.70083195, 0.640140891, -0.314728826, 0.713326693, 0.628928363, -0.309215963)}) tween5:Play() tablesorting(part5, tween5)
		tween2 = ts:Create(part2, TweenInfo.new(0.08333337306976318, Enum.EasingStyle.Linear, Enum.EasingDirection.In, 0, false, 0), {C0 = CFrame.new(0.571898937, 1.23459733, -1.30809617, -0.929473162, 0.120737374, 0.348570973, 0.175742388, -0.685865879, 0.706189811, 0.324336678, 0.717642903, 0.61627543)}) tween2:Play() tablesorting(part2, tween2)
		tween4 = ts:Create(part4, TweenInfo.new(0.16666674613952637, Enum.EasingStyle.Linear, Enum.EasingDirection.In, 0, false, 0), {C0 = CFrame.new(1.12337828, -0.90567106, 0.236210555, 0.610465646, -0.531614721, 0.587129772, 0.137928218, 0.801308692, 0.582134128, -0.779944062, -0.274391025, 0.562495232)}) tween4:Play() tablesorting(part4, tween4)
		task.wait(0.06833337306976318)

		if afterframe() then
			return
		end

		--15, 1.1166666746139526
		tween1 = ts:Create(part1, TweenInfo.new(0.08333337306976318, Enum.EasingStyle.Linear, Enum.EasingDirection.In, 0, false, 0), {C0 = CFrame.new(0.666470766, -0.4953987, 1.81837857, -0.973775923, 0.0382069871, 0.224278897, 0.193402722, 0.658181548, 0.727594078, -0.119816869, 0.751889408, -0.6483109)}) tween1:Play() tablesorting(part1, tween1)
		tween6 = ts:Create(part6, TweenInfo.new(0.1499999761581421, Enum.EasingStyle.Linear, Enum.EasingDirection.In, 0, false, 0), {C0 = CFrame.new(-7.4505806e-09, 1.00000012, 3.7252903e-08, -0.993186831, 0.0977802724, -0.0634006485, -0.0942996219, -0.354677528, 0.930221319, 0.068470493, 0.929862082, 0.361481667)}) tween6:Play() tablesorting(part6, tween6)
		tween2 = ts:Create(part2, TweenInfo.new(0.08333337306976318, Enum.EasingStyle.Linear, Enum.EasingDirection.In, 0, false, 0), {C0 = CFrame.new(0.660734773, 1.13396394, -1.12796807, -0.931723118, -0.0428256318, 0.360637069, 0.254672855, -0.784987152, 0.564745307, 0.258909822, 0.618031144, 0.742296755)}) tween2:Play() tablesorting(part2, tween2)
		tween3 = ts:Create(part3, TweenInfo.new(0.08333337306976318, Enum.EasingStyle.Linear, Enum.EasingDirection.In, 0, false, 0), {C0 = CFrame.new(-0.798713446, 0.947682142, -0.310414344, -0.888694108, 0.1440119, -0.435296893, -0.374228746, -0.776357055, 0.507171273, -0.264907122, 0.613621056, 0.743836999)}) tween3:Play() tablesorting(part3, tween3)
		task.wait(0.06833337306976318)

		if afterframe() then
			return
		end

		--16, 1.2000000476837158
		tween1 = ts:Create(part1, TweenInfo.new(0.09999990463256836, Enum.EasingStyle.Linear, Enum.EasingDirection.In, 0, false, 0), {C0 = CFrame.new(0.566472769, -0.686377168, 1.33854997, -0.920074701, 0.129248738, 0.369807094, 0.309146672, 0.819357932, 0.482785046, -0.240604833, 0.558522582, -0.793827891)}) tween1:Play() tablesorting(part1, tween1)
		tween5 = ts:Create(part5, TweenInfo.new(0.09999990463256836, Enum.EasingStyle.Linear, Enum.EasingDirection.In, 0, false, 0), {C0 = CFrame.new(-0.952072918, -0.504378021, -0.389808476, 0.116521552, -0.346242219, -0.930880606, -0.941588104, 0.259664237, -0.214444116, 0.31596604, 0.901493669, -0.295761019)}) tween5:Play() tablesorting(part5, tween5)
		tween2 = ts:Create(part2, TweenInfo.new(0.09999990463256836, Enum.EasingStyle.Linear, Enum.EasingDirection.In, 0, false, 0), {C0 = CFrame.new(0.866032064, 0.732446253, -0.71329993, -0.961111903, 0.0964095145, 0.258783937, 0.231033206, -0.232650891, 0.944720805, 0.151286423, 0.967769802, 0.201329768)}) tween2:Play() tablesorting(part2, tween2)
		tween4 = ts:Create(part4, TweenInfo.new(0.09999990463256836, Enum.EasingStyle.Linear, Enum.EasingDirection.In, 0, false, 0), {C0 = CFrame.new(1.32321167, -0.471194983, -0.842012048, 0.429053903, -0.169439435, 0.887244642, -0.565620244, 0.715436578, 0.410151422, -0.704263091, -0.677820444, 0.211122483)}) tween4:Play() tablesorting(part4, tween4)
		tween3 = ts:Create(part3, TweenInfo.new(0.09999990463256836, Enum.EasingStyle.Linear, Enum.EasingDirection.In, 0, false, 0), {C0 = CFrame.new(-0.536195636, 1.54540253, -0.671278477, -0.938021302, -0.0968536213, -0.33276844, 0.172240168, -0.9634673, -0.205095828, -0.300747156, -0.249700889, 0.920435071)}) tween3:Play() tablesorting(part3, tween3)
		task.wait(0.05166660308837891)

		if afterframe() then
			return
		end

		--17, 1.2666666507720947
		tween6 = ts:Create(part6, TweenInfo.new(0.25, Enum.EasingStyle.Linear, Enum.EasingDirection.In, 0, false, 0), {C0 = CFrame.new(1.49011612e-08, 0.99999994, -2.98023224e-08, -0.98960489, 0.0797341391, -0.11968784, -0.13499029, -0.227954328, 0.964268923, 0.0496017858, 0.970401883, 0.236348122)}) tween6:Play() tablesorting(part6, tween6)
		task.wait(0.018333301544189454)

		if afterframe() then
			return
		end

		--18, 1.2999999523162842
		tween1 = ts:Create(part1, TweenInfo.new(0.10000002384185791, Enum.EasingStyle.Linear, Enum.EasingDirection.In, 0, false, 0), {C0 = CFrame.new(0.885364413, -0.781941473, 1.12312651, -0.888379276, 0.0047491556, 0.459085941, 0.196522206, 0.907640517, 0.370902061, -0.414923161, 0.419722021, -0.807262778)}) tween1:Play() tablesorting(part1, tween1)
		tween5 = ts:Create(part5, TweenInfo.new(0.10000002384185791, Enum.EasingStyle.Linear, Enum.EasingDirection.In, 0, false, 0), {C0 = CFrame.new(-1.01114917, -0.508635461, -0.449500322, 0.140905797, -0.197199315, -0.970184326, -0.95108217, 0.245176777, -0.18796593, 0.274933517, 0.949210703, -0.153005853)}) tween5:Play() tablesorting(part5, tween5)
		tween2 = ts:Create(part2, TweenInfo.new(0.10000002384185791, Enum.EasingStyle.Linear, Enum.EasingDirection.In, 0, false, 0), {C0 = CFrame.new(0.95480597, 0.503370047, -0.42389065, -0.973450005, 0.00461758673, 0.228853658, 0.226089552, -0.136804253, 0.964452386, 0.0357617438, 0.990587354, 0.132127941)}) tween2:Play() tablesorting(part2, tween2)
		tween4 = ts:Create(part4, TweenInfo.new(0.10000002384185791, Enum.EasingStyle.Linear, Enum.EasingDirection.In, 0, false, 0), {C0 = CFrame.new(1.23695934, 0.121319532, -1.18188643, 0.310687751, 0.0230293795, 0.950232923, -0.631169617, 0.752483726, 0.188130111, -0.710702419, -0.658207893, 0.248322979)}) tween4:Play() tablesorting(part4, tween4)
		tween3 = ts:Create(part3, TweenInfo.new(0.10000002384185791, Enum.EasingStyle.Linear, Enum.EasingDirection.In, 0, false, 0), {C0 = CFrame.new(-0.535526097, 1.12866867, -0.813876748, -0.70077914, -0.564635634, -0.435999393, -0.0273620188, -0.58945179, 0.807340264, -0.71285367, 0.577697098, 0.397625685)}) tween3:Play() tablesorting(part3, tween3)
		task.wait(0.08500002384185791)

		if afterframe() then
			return
		end

		--19, 1.399999976158142
		tween1 = ts:Create(part1, TweenInfo.new(0.11666667461395264, Enum.EasingStyle.Linear, Enum.EasingDirection.In, 0, false, 0), {C0 = CFrame.new(0.898702085, -0.781919122, 0.739950716, -0.882596791, -0.0604237467, 0.466231883, 0.142707139, 0.910480559, 0.388149649, -0.447948247, 0.409114003, -0.794964671)}) tween1:Play() tablesorting(part1, tween1)
		tween5 = ts:Create(part5, TweenInfo.new(0.11666667461395264, Enum.EasingStyle.Linear, Enum.EasingDirection.In, 0, false, 0), {C0 = CFrame.new(-1.08035731, -0.490873694, -0.459910631, 0.147064745, -0.224749625, -0.963254452, -0.908451676, 0.354527682, -0.221417159, 0.391263843, 0.907632947, -0.152035654)}) tween5:Play() tablesorting(part5, tween5)
		tween2 = ts:Create(part2, TweenInfo.new(0.11666667461395264, Enum.EasingStyle.Linear, Enum.EasingDirection.In, 0, false, 0), {C0 = CFrame.new(0.938941061, 0.470991969, -0.33004719, -0.958228052, -0.150325358, 0.243313134, 0.283772051, -0.393608898, 0.874383032, -0.0356715471, 0.906903625, 0.419825226)}) tween2:Play() tablesorting(part2, tween2)
		tween4 = ts:Create(part4, TweenInfo.new(0.11666667461395264, Enum.EasingStyle.Linear, Enum.EasingDirection.In, 0, false, 0), {C0 = CFrame.new(1.11967421, 0.357743502, -1.05637121, 0.225706443, -0.0168001428, 0.974050462, -0.44871366, 0.885683239, 0.119251698, -0.864703774, -0.463985533, 0.192365989)}) tween4:Play() tablesorting(part4, tween4)
		tween3 = ts:Create(part3, TweenInfo.new(0.11666667461395264, Enum.EasingStyle.Linear, Enum.EasingDirection.In, 0, false, 0), {C0 = CFrame.new(-0.535143256, 0.890432835, -0.895394921, -0.77008605, -0.329153895, -0.546466291, -0.429119408, -0.366574347, 0.825518131, -0.472043067, 0.870219529, 0.141047359)}) tween3:Play() tablesorting(part3, tween3)
		task.wait(0.10166667461395264)

		if afterframe() then
			return
		end

		--20, 1.5166666507720947
		tween1 = ts:Create(part1, TweenInfo.new(0.10000002384185791, Enum.EasingStyle.Linear, Enum.EasingDirection.In, 0, false, 0), {C0 = CFrame.new(0.853109121, -0.768443584, 0.220728606, -0.922098577, -0.126803786, 0.365589023, 0.0597622246, 0.886780083, 0.458312213, -0.382312506, 0.444457114, -0.81012094)}) tween1:Play() tablesorting(part1, tween1)
		tween6 = ts:Create(part6, TweenInfo.new(0.10000002384185791, Enum.EasingStyle.Linear, Enum.EasingDirection.In, 0, false, 0), {C0 = CFrame.new(-7.4505806e-09, 1, -1.49011612e-08, -0.988194585, 0.0694080293, -0.136581555, -0.14548564, -0.145705074, 0.978572547, 0.048020158, 0.986890733, 0.154082954)}) tween6:Play() tablesorting(part6, tween6)
		tween5 = ts:Create(part5, TweenInfo.new(0.10000002384185791, Enum.EasingStyle.Linear, Enum.EasingDirection.In, 0, false, 0), {C0 = CFrame.new(-1.10707164, -0.623701632, -0.372479439, 0.0976375639, -0.277193844, -0.955840111, -0.74618876, 0.615123868, -0.254607886, 0.658535838, 0.738096356, -0.146779716)}) tween5:Play() tablesorting(part5, tween5)
		tween2 = ts:Create(part2, TweenInfo.new(0.10000002384185791, Enum.EasingStyle.Linear, Enum.EasingDirection.In, 0, false, 0), {C0 = CFrame.new(0.507549167, 0.774342597, -0.507879734, -0.9710356, -0.0403216183, 0.235508025, 0.218533739, -0.548403144, 0.807154298, 0.0966079533, 0.835241735, 0.541330814)}) tween2:Play() tablesorting(part2, tween2)
		tween4 = ts:Create(part4, TweenInfo.new(0.10000002384185791, Enum.EasingStyle.Linear, Enum.EasingDirection.In, 0, false, 0), {C0 = CFrame.new(1.05096507, 0.408149004, -0.901932776, 0.110492289, 0.0531971566, 0.992452204, 0.0292451978, 0.997959912, -0.0567483529, -0.993446529, 0.0352946967, 0.108711138)}) tween4:Play() tablesorting(part4, tween4)
		tween3 = ts:Create(part3, TweenInfo.new(0.10000002384185791, Enum.EasingStyle.Linear, Enum.EasingDirection.In, 0, false, 0), {C0 = CFrame.new(-0.557653368, 0.694874048, -0.849719226, -0.736835599, -0.112921007, -0.666574776, -0.666207671, -0.0465351269, 0.744312942, -0.115067653, 0.992513955, -0.0409399942)}) tween3:Play() tablesorting(part3, tween3)
		task.wait(0.08500002384185791)

		if afterframe() then
			return
		end

		--21, 1.6166666746139526
		tween1 = ts:Create(part1, TweenInfo.new(0.10000002384185791, Enum.EasingStyle.Linear, Enum.EasingDirection.In, 0, false, 0), {C0 = CFrame.new(0.784849882, -0.75040561, -0.155912012, -0.961009562, -0.16925469, 0.218663037, -0.0290921219, 0.848280072, 0.528748453, -0.274980515, 0.501770735, -0.820129693)}) tween1:Play() tablesorting(part1, tween1)
		tween6 = ts:Create(part6, TweenInfo.new(0.3999999761581421, Enum.EasingStyle.Linear, Enum.EasingDirection.In, 0, false, 0), {C0 = CFrame.new(-3.7252903e-08, 1, -8.94069672e-08, -0.984194994, -0.0928058624, -0.150824606, -0.176757336, 0.462599635, 0.868768573, -0.0108554019, 0.88169682, -0.471691966)}) tween6:Play() tablesorting(part6, tween6)
		tween5 = ts:Create(part5, TweenInfo.new(0.10000002384185791, Enum.EasingStyle.Linear, Enum.EasingDirection.In, 0, false, 0), {C0 = CFrame.new(-1.10314369, -0.810955226, -0.249955118, 0.0165543854, -0.307785809, -0.951311529, -0.481422424, 0.831440091, -0.277380258, 0.876332283, 0.462574631, -0.134411037)}) tween5:Play() tablesorting(part5, tween5)
		tween2 = ts:Create(part2, TweenInfo.new(0.10000002384185791, Enum.EasingStyle.Linear, Enum.EasingDirection.In, 0, false, 0), {C0 = CFrame.new(0.677067757, 0.446810424, -0.68304652, -0.855836511, 0.372515023, 0.358854204, 0.097494483, -0.56516552, 0.819196343, 0.507975101, 0.736084402, 0.447371244)}) tween2:Play() tablesorting(part2, tween2)
		tween4 = ts:Create(part4, TweenInfo.new(0.10000002384185791, Enum.EasingStyle.Linear, Enum.EasingDirection.In, 0, false, 0), {C0 = CFrame.new(1.02637291, 0.340256929, -0.767738581, 0.0689027384, 0.193642512, 0.978649557, 0.540728033, 0.81713587, -0.199754789, -0.8383708, 0.542946696, -0.0484050214)}) tween4:Play() tablesorting(part4, tween4)
		tween3 = ts:Create(part3, TweenInfo.new(0.20000004768371582, Enum.EasingStyle.Linear, Enum.EasingDirection.In, 0, false, 0), {C0 = CFrame.new(-1.20109832, 0.05797261, -0.201981246, -0.317357481, -0.481643766, -0.816886008, -0.909725964, 0.39783442, 0.118858792, 0.267737925, 0.780863881, -0.56441921)}) tween3:Play() tablesorting(part3, tween3)
		task.wait(0.08500002384185791)

		if afterframe() then
			return
		end

		--22, 1.7166666984558105
		tween1 = ts:Create(part1, TweenInfo.new(0.10000002384185791, Enum.EasingStyle.Linear, Enum.EasingDirection.In, 0, false, 0), {C0 = CFrame.new(0.706939161, -0.677913308, -0.310455292, -0.951311588, -0.265416503, 0.15671736, -0.0997975841, 0.746281266, 0.65810746, -0.291627586, 0.610424876, -0.73643446)}) tween1:Play() tablesorting(part1, tween1)
		tween5 = ts:Create(part5, TweenInfo.new(0.10000002384185791, Enum.EasingStyle.Linear, Enum.EasingDirection.In, 0, false, 0), {C0 = CFrame.new(-1.1297797, -0.911398709, -0.176084816, 0.140415683, -0.311926395, -0.939672828, -0.269120991, 0.90131855, -0.339409322, 0.952815413, 0.300544173, 0.0426132977)}) tween5:Play() tablesorting(part5, tween5)
		tween2 = ts:Create(part2, TweenInfo.new(0.10000002384185791, Enum.EasingStyle.Linear, Enum.EasingDirection.In, 0, false, 0), {C0 = CFrame.new(0.286016583, 0.657643318, -0.695454895, -0.564333975, 0.711985707, 0.417856634, 0.360393405, -0.242908195, 0.900618017, 0.742726803, 0.658842742, -0.119515248)}) tween2:Play() tablesorting(part2, tween2)
		tween4 = ts:Create(part4, TweenInfo.new(0.10000002384185791, Enum.EasingStyle.Linear, Enum.EasingDirection.In, 0, false, 0), {C0 = CFrame.new(1.00779223, 0.120937109, -0.753873229, 0.0536765754, 0.255094826, 0.965425074, 0.6593799, 0.717000902, -0.226114482, -0.749891341, 0.648718774, -0.129718274)}) tween4:Play() tablesorting(part4, tween4)
		task.wait(0.08500002384185791)

		if afterframe() then
			return
		end

		--23, 1.8166667222976685
		tween1 = ts:Create(part1, TweenInfo.new(0.09999990463256836, Enum.EasingStyle.Linear, Enum.EasingDirection.In, 0, false, 0), {C0 = CFrame.new(0.670430779, -0.625031114, -0.458065093, -0.929840684, -0.331108958, 0.160509765, -0.111696944, 0.669616997, 0.734259963, -0.350599885, 0.664815843, -0.659621239)}) tween1:Play() tablesorting(part1, tween1)
		tween5 = ts:Create(part5, TweenInfo.new(0.09999990463256836, Enum.EasingStyle.Linear, Enum.EasingDirection.In, 0, false, 0), {C0 = CFrame.new(-1.15361309, -0.917079449, -0.165578336, 0.276629746, -0.311926425, -0.908943176, -0.216466248, 0.901318669, -0.375189513, 0.936278939, 0.300544143, 0.181809902)}) tween5:Play() tablesorting(part5, tween5)
		tween2 = ts:Create(part2, TweenInfo.new(0.19999992847442627, Enum.EasingStyle.Linear, Enum.EasingDirection.In, 0, false, 0), {C0 = CFrame.new(0.755033851, 0.326701999, -0.311379433, -0.624815464, 0.694908142, 0.355962247, 0.765221059, 0.635567069, 0.102429345, -0.155060709, 0.336388111, -0.928870559)}) tween2:Play() tablesorting(part2, tween2)
		tween4 = ts:Create(part4, TweenInfo.new(0.09999990463256836, Enum.EasingStyle.Linear, Enum.EasingDirection.In, 0, false, 0), {C0 = CFrame.new(1.00255585, -0.0335412621, -0.798232973, 0.0346788466, 0.244273767, 0.969085991, 0.579029024, 0.785426795, -0.218700215, -0.814569116, 0.568713188, -0.114203937)}) tween4:Play() tablesorting(part4, tween4)
		tween3 = ts:Create(part3, TweenInfo.new(0.31666672229766846, Enum.EasingStyle.Linear, Enum.EasingDirection.In, 0, false, 0), {C0 = CFrame.new(-1.04623806, 0.0969964862, -0.247772306, -0.259734958, -0.198789582, -0.944997013, -0.507634699, 0.860572815, -0.0415048897, 0.821489751, 0.468933612, -0.324433059)}) tween3:Play() tablesorting(part3, tween3)
		task.wait(0.08499990463256836)

		if afterframe() then
			return
		end

		--24, 1.9166666269302368
		tween1 = ts:Create(part1, TweenInfo.new(0.10000002384185791, Enum.EasingStyle.Linear, Enum.EasingDirection.In, 0, false, 0), {C0 = CFrame.new(0.630140483, -0.543798327, -0.518011093, -0.920389414, -0.360260189, 0.151974171, -0.094112888, 0.581366181, 0.808181345, -0.379507959, 0.729538381, -0.568988621)}) tween1:Play() tablesorting(part1, tween1)
		tween5 = ts:Create(part5, TweenInfo.new(0.10000002384185791, Enum.EasingStyle.Linear, Enum.EasingDirection.In, 0, false, 0), {C0 = CFrame.new(-1.17063677, -0.921136796, -0.158073574, 0.371409982, -0.28191191, -0.884635687, -0.177321732, 0.913714647, -0.365626186, 0.91137898, 0.292662352, 0.289373547)}) tween5:Play() tablesorting(part5, tween5)
		tween4 = ts:Create(part4, TweenInfo.new(0.10000002384185791, Enum.EasingStyle.Linear, Enum.EasingDirection.In, 0, false, 0), {C0 = CFrame.new(1.01240468, -0.189552784, -0.804084718, 0.00755821168, 0.194169909, 0.980938733, 0.49868238, 0.849546969, -0.172004282, -0.86675179, 0.490476876, -0.090408057)}) tween4:Play() tablesorting(part4, tween4)
		task.wait(0.08500002384185791)

		if afterframe() then
			return
		end

		--25, 2.0166666507720947
		tween1 = ts:Create(part1, TweenInfo.new(0.11666679382324219, Enum.EasingStyle.Linear, Enum.EasingDirection.In, 0, false, 0), {C0 = CFrame.new(0.562206089, -0.364294171, -0.540095448, -0.93600142, -0.326953471, 0.130395144, -0.0215074979, 0.42287451, 0.905933559, -0.351338685, 0.845150054, -0.402843237)}) tween1:Play() tablesorting(part1, tween1)
		tween6 = ts:Create(part6, TweenInfo.new(0.3666667938232422, Enum.EasingStyle.Linear, Enum.EasingDirection.In, 0, false, 0), {C0 = CFrame.new(-3.7252903e-09, 0.999999881, -1.1920929e-07, -0.985646129, -0.103264257, -0.133563265, -0.160612658, 0.329770327, 0.930298448, -0.0520213731, 0.938396931, -0.341622025)}) tween6:Play() tablesorting(part6, tween6)
		tween5 = ts:Create(part5, TweenInfo.new(0.11666679382324219, Enum.EasingStyle.Linear, Enum.EasingDirection.In, 0, false, 0), {C0 = CFrame.new(-1.22256744, -0.88440603, -0.259988368, 0.38398546, -0.282886028, -0.878937125, 0.0839436576, 0.958664834, -0.271873504, 0.919515371, 0.0306142475, 0.39185968)}) tween5:Play() tablesorting(part5, tween5)
		tween2 = ts:Create(part2, TweenInfo.new(0.3666667938232422, Enum.EasingStyle.Linear, Enum.EasingDirection.In, 0, false, 0), {C0 = CFrame.new(0.848567486, 0.355031848, -0.107975245, -0.365129709, -0.059074495, 0.929081023, 0.353139162, 0.91460824, 0.196938217, -0.861379862, 0.400000811, -0.313089162)}) tween2:Play() tablesorting(part2, tween2)
		tween4 = ts:Create(part4, TweenInfo.new(0.11666679382324219, Enum.EasingStyle.Linear, Enum.EasingDirection.In, 0, false, 0), {C0 = CFrame.new(1.05808926, -0.425680816, -0.733753443, -0.0383055359, 0.034876585, 0.998657227, 0.379233539, 0.925130367, -0.0177625269, -0.924507737, 0.37804389, -0.0486639962)}) tween4:Play() tablesorting(part4, tween4)
		task.wait(0.10166679382324219)

		if afterframe() then
			return
		end

		--26, 2.133333444595337
		tween1 = ts:Create(part1, TweenInfo.new(0.09999990463256836, Enum.EasingStyle.Linear, Enum.EasingDirection.In, 0, false, 0), {C0 = CFrame.new(0.487096399, -0.246804371, -0.477627695, -0.929686606, -0.340159565, 0.141330495, 0.0310699753, 0.309900075, 0.950261891, -0.367038816, 0.887836456, -0.277541369)}) tween1:Play() tablesorting(part1, tween1)
		tween5 = ts:Create(part5, TweenInfo.new(0.09999990463256836, Enum.EasingStyle.Linear, Enum.EasingDirection.In, 0, false, 0), {C0 = CFrame.new(-1.19590211, -0.892258048, -0.192985803, 0.404683352, -0.249956816, -0.879632115, 0.165990964, 0.966016769, -0.198138118, 0.899265528, -0.0658278316, 0.432421327)}) tween5:Play() tablesorting(part5, tween5)
		tween4 = ts:Create(part4, TweenInfo.new(0.09999990463256836, Enum.EasingStyle.Linear, Enum.EasingDirection.In, 0, false, 0), {C0 = CFrame.new(1.09126294, -0.575187027, -0.681621909, -0.0584889725, -0.0639293268, 0.996239007, 0.327608377, 0.941450357, 0.0796473324, -0.943001449, 0.33103469, -0.0341206789)}) tween4:Play() tablesorting(part4, tween4)
