function animation(character)
	local canceldb = false
	local root = character:FindFirstChild("HumanoidRootPart", true)
	local part1 = character["HumanoidRootPart"]["RootJoint"]	
	local part2 = character["Torso"]["Right Shoulder"]
	local part3 = character["Torso"]["Left Shoulder"]
	local part4 = character["Torso"]["Right Hip"]
	local part5 = character["Torso"]["Left Hip"]
	local part6 = character["Torso"]["Neck"]
	local val = 2 --Action
	local tweens = {}
	local function tablesorting(part, tween)
		for i, v in pairs(tweens) do
			if v.Instance == part then
				table.remove(tweens, table.find(tweens, v))
			end
		end
		table.insert(tweens, tween)
	end
	local ts = game:GetService("TweenService")
	local tween1, tween2, tween3, tween4, tween5, tween6

	local priority = root:FindFirstChild("priority")
	if not priority then
		priority = Instance.new("NumberValue", root)
		priority.Name = "priority"
	end

	local anims = root:FindFirstChild("anims")
	if not anims then
		anims = Instance.new("Folder", root)
		anims.Name = "anims"
	end
	local animvalue = anims:FindFirstChild("user")
	if not animvalue then
		animvalue = Instance.new("BoolValue", anims)
		animvalue.Value = true
		animvalue.Name = "user"
	end
	animvalue.Value = true

	local function afterframe()
		if canceldb or not character or not part1 then
			return true
		else
			return false
		end
	end

	if afterframe() then
		animvalue.Value = false
		return false
	end
	priority.Value = val
	local connect
	local connect2
	connect = priority.Changed:Connect(function()
		if priority.Value > val then
			for i, v in pairs(tweens) do
				if v and v.PlaybackState == Enum.PlaybackState.Playing then
					v:Cancel()
				end
			end
			canceldb = true
			connect2:Disconnect()
			connect:Disconnect()
		else
			priority.Value = val
		end
	end)
	connect2 = animvalue.Changed:Connect(function()
		if not animvalue.Value then
			for i, v in pairs(tweens) do
				if v and v.PlaybackState == Enum.PlaybackState.Playing then
					v:Cancel()
				end
			end
			canceldb = true
			connect:Disconnect()
			if priority.Value <= val then
				priority.Value = 0
			end
			connect2:Disconnect()
		--smooth transition
		tween1 = ts:Create(part1, TweenInfo.new(0.5), {C0 = CFrame.new(0, 0, 0, -1, 0, 0, 0, 0, 1, 0, 1, -0)}) tween1:Play() tablesorting(part1, tween1)
		tween2 = ts:Create(part2, TweenInfo.new(0.5), {C0 = CFrame.new(1, 0.5, 0, 0, 0, 1, 0, 1, -0, -1, 0, 0)}) tween2:Play() tablesorting(part2, tween2)
		tween3 = ts:Create(part3, TweenInfo.new(0.5), {C0 = CFrame.new(-1, 0.5, 0, 0, 0, -1, 0, 1, 0, 1, 0, 0)}) tween3:Play() tablesorting(part3, tween3)
		tween4 = ts:Create(part4, TweenInfo.new(0.5), {C0 = CFrame.new(1, -1, 0, 0, 0, 1, 0, 1, -0, -1, 0, 0)}) tween4:Play() tablesorting(part4, tween4)
		tween5 = ts:Create(part5, TweenInfo.new(0.5), {C0 = CFrame.new(-1, -1, 0, 0, 0, -1, 0, 1, 0, 1, 0, 0)}) tween5:Play() tablesorting(part5, tween5)
		tween6 = ts:Create(part6, TweenInfo.new(0.5), {C0 = CFrame.new(0, 1, 0, -1, 0, 0, 0, 0, 1, 0, 1, -0)}) tween6:Play() tablesorting(part6, tween6)
		end
	end)
	if true then
		--1, 0
		tween1 = ts:Create(part1, TweenInfo.new(0.0833333358168602, Enum.EasingStyle.Linear, Enum.EasingDirection.In, 0, false, 0), {C0 = CFrame.new(6.10947609e-07, -0.337014347, -0.946534276, 0.256628931, -0.944451928, 0.205310404, 0.224826828, 0.264931202, 0.937691092, -0.939997137, -0.194479346, 0.280327201)}) tween1:Play() tablesorting(part1, tween1)
		tween6 = ts:Create(part6, TweenInfo.new(0.0833333358168602, Enum.EasingStyle.Linear, Enum.EasingDirection.In, 0, false, 0), {C0 = CFrame.new(0, 1.00000012, -1.49011612e-08, -0.70603925, 0.690950513, -0.155228704, 0.0358993001, 0.253835082, 0.966581166, 0.707262278, 0.676871598, -0.204022169)}) tween6:Play() tablesorting(part6, tween6)
		tween5 = ts:Create(part5, TweenInfo.new(0.0833333358168602, Enum.EasingStyle.Linear, Enum.EasingDirection.In, 0, false, 0), {C0 = CFrame.new(-1.13838291, -0.872077227, -0.570191741, 0.417243123, -0.362334728, -0.833439529, 0.225240499, 0.929698765, -0.291421652, 0.880439878, -0.0661309808, 0.469522834)}) tween5:Play() tablesorting(part5, tween5)
		tween2 = ts:Create(part2, TweenInfo.new(0.0833333358168602, Enum.EasingStyle.Linear, Enum.EasingDirection.In, 0, false, 0), {C0 = CFrame.new(0.99999994, 0.5, 2.98023224e-07, -0.788375378, 0.159517556, 0.594153404, 0.612688065, 0.290679485, 0.734927773, -0.0554743558, 0.943429589, -0.326899081)}) tween2:Play() tablesorting(part2, tween2)
		tween4 = ts:Create(part4, TweenInfo.new(0.0833333358168602, Enum.EasingStyle.Linear, Enum.EasingDirection.In, 0, false, 0), {C0 = CFrame.new(1.13015485, -0.621609926, -0.454595804, 0.275688589, -0.205469385, 0.939030409, 0.597582936, 0.801807046, 1.49011612e-08, -0.752921402, 0.561148584, 0.343834072)}) tween4:Play() tablesorting(part4, tween4)
		tween3 = ts:Create(part3, TweenInfo.new(0.0833333358168602, Enum.EasingStyle.Linear, Enum.EasingDirection.In, 0, false, 0), {C0 = CFrame.new(-0.915979922, 0.149582565, -0.0990090072, -0.640523911, 2.14204192e-08, -0.767938077, -0.609338045, 0.608605683, 0.508238435, 0.467371583, 0.793472826, -0.389826596)}) tween3:Play() tablesorting(part3, tween3)
		task.wait(0.0683333358168602)

		if afterframe() then
			return
		end

		--2, 0.0833333358168602
		tween1 = ts:Create(part1, TweenInfo.new(0.05000000447034836, Enum.EasingStyle.Linear, Enum.EasingDirection.In, 0, false, 0), {C0 = CFrame.new(0.1209969, -0.149367392, -1.81358099, 0.969390213, 0.224234551, 0.100006804, -0.0779973567, -0.10497041, 0.991412044, 0.232806563, -0.968865395, -0.0842675567)}) tween1:Play() tablesorting(part1, tween1)
		tween6 = ts:Create(part6, TweenInfo.new(0.05000000447034836, Enum.EasingStyle.Linear, Enum.EasingDirection.In, 0, false, 0), {C0 = CFrame.new(7.4505806e-08, 1.00000024, -5.96046448e-08, -0.882653773, 0.470005095, -0.00420941412, 0.184654698, 0.35498327, 0.91645503, 0.432232797, 0.808135092, -0.400115848)}) tween6:Play() tablesorting(part6, tween6)
		tween5 = ts:Create(part5, TweenInfo.new(0.05000000447034836, Enum.EasingStyle.Linear, Enum.EasingDirection.In, 0, false, 0), {C0 = CFrame.new(-1.28047645, -0.847444296, -0.0622396171, 0.655640483, 0.249912724, -0.712514997, -0.18314451, 0.96809417, 0.171031058, 0.732524931, 0.0183577463, 0.680491686)}) tween5:Play() tablesorting(part5, tween5)
		tween2 = ts:Create(part2, TweenInfo.new(0.05000000447034836, Enum.EasingStyle.Linear, Enum.EasingDirection.In, 0, false, 0), {C0 = CFrame.new(1.22473717, 0.928734958, -0.091291368, -0.947785258, 0.270089, 0.169571176, 0.286670983, 0.488591582, 0.824073732, 0.13972196, 0.829656303, -0.540506959)}) tween2:Play() tablesorting(part2, tween2)
		tween4 = ts:Create(part4, TweenInfo.new(0.05000000447034836, Enum.EasingStyle.Linear, Enum.EasingDirection.In, 0, false, 0), {C0 = CFrame.new(1.06578767, -1.14204597, -0.565938413, -0.231350288, 0.125686139, 0.964717388, 0.271808982, 0.960481882, -0.0599514842, -0.934129119, 0.248349011, -0.256370455)}) tween4:Play() tablesorting(part4, tween4)
		tween3 = ts:Create(part3, TweenInfo.new(0.05000000447034836, Enum.EasingStyle.Linear, Enum.EasingDirection.In, 0, false, 0), {C0 = CFrame.new(-0.89339304, 0.0968235731, -0.580488205, 0.0322628468, -0.0257524103, -0.999147296, -0.516911447, 0.855162501, -0.0387322381, 0.855430663, 0.517720282, 0.0142780542)}) tween3:Play() tablesorting(part3, tween3)
		task.wait(0.03500000447034836)

		if afterframe() then
			return
		end

		--3, 0.13333334028720856
		tween1 = ts:Create(part1, TweenInfo.new(0.03333333134651184, Enum.EasingStyle.Linear, Enum.EasingDirection.In, 0, false, 0), {C0 = CFrame.new(0.121000089, -0.149367943, -1.92851245, 0.911658585, 0.393360645, 0.118936479, -0.0510025844, -0.178878605, 0.982548475, 0.407771051, -0.901814699, -0.143013835)}) tween1:Play() tablesorting(part1, tween1)
		tween6 = ts:Create(part6, TweenInfo.new(0.03333333134651184, Enum.EasingStyle.Linear, Enum.EasingDirection.In, 0, false, 0), {C0 = CFrame.new(6.70552254e-08, 1, 2.98023224e-08, -0.890795767, 0.452410281, -0.042519182, 0.177045569, 0.431727409, 0.884458303, 0.418494731, 0.780343771, -0.464678109)}) tween6:Play() tablesorting(part6, tween6)
		tween5 = ts:Create(part5, TweenInfo.new(0.03333333134651184, Enum.EasingStyle.Linear, Enum.EasingDirection.In, 0, false, 0), {C0 = CFrame.new(-1.28047669, -0.847444713, -0.0622397959, 0.67711246, 0.183955133, -0.712514997, -0.0866622105, 0.981446862, 0.171031043, 0.730758071, -0.0540597737, 0.680491567)}) tween5:Play() tablesorting(part5, tween5)
		tween2 = ts:Create(part2, TweenInfo.new(0.03333333134651184, Enum.EasingStyle.Linear, Enum.EasingDirection.In, 0, false, 0), {C0 = CFrame.new(1.22473717, 0.928734779, -0.0912912488, -0.947785199, 0.250303388, 0.197612375, 0.286670983, 0.397209764, 0.871804893, 0.13972196, 0.882933855, -0.448224545)}) tween2:Play() tablesorting(part2, tween2)
		tween4 = ts:Create(part4, TweenInfo.new(0.03333333134651184, Enum.EasingStyle.Linear, Enum.EasingDirection.In, 0, false, 0), {C0 = CFrame.new(1.07843184, -0.961099625, -0.597774804, -0.241617143, 0.104599684, 0.964717209, 0.185257941, 0.98085928, -0.0599515513, -0.952523351, 0.164236128, -0.256370425)}) tween4:Play() tablesorting(part4, tween4)
		tween3 = ts:Create(part3, TweenInfo.new(0.03333333134651184, Enum.EasingStyle.Linear, Enum.EasingDirection.In, 0, false, 0), {C0 = CFrame.new(-0.893393219, 0.0968234241, -0.580488205, -0.356101036, 0.0383689366, -0.933659196, -0.526884198, 0.816939533, 0.234528184, 0.77174145, 0.57544589, -0.270697117)}) tween3:Play() tablesorting(part3, tween3)
		task.wait()

		if afterframe() then
			return
		end

		--4, 0.15000000596046448
		--5, 0.1666666716337204
		tween1 = ts:Create(part1, TweenInfo.new(0.04999999701976776, Enum.EasingStyle.Linear, Enum.EasingDirection.In, 0, false, 0), {C0 = CFrame.new(0.121178627, -0.184804708, -1.60345137, 0.970558822, 0.221786737, 0.0939533338, -0.0630853623, -0.14238441, 0.987799227, 0.232458189, -0.964644074, -0.12420091)}) tween1:Play() tablesorting(part1, tween1)
		tween6 = ts:Create(part6, TweenInfo.new(0.04999999701976776, Enum.EasingStyle.Linear, Enum.EasingDirection.In, 0, false, 0), {C0 = CFrame.new(4.47034836e-08, 1.00000024, -5.96046448e-08, -0.890795767, 0.449250042, -0.0682447478, 0.177045584, 0.481453598, 0.85840416, 0.418494761, 0.752580166, -0.508414388)}) tween6:Play() tablesorting(part6, tween6)
		tween5 = ts:Create(part5, TweenInfo.new(0.04999999701976776, Enum.EasingStyle.Linear, Enum.EasingDirection.In, 0, false, 0), {C0 = CFrame.new(-1.28047717, -0.847444892, -0.0622397661, 0.579108, 0.0951506421, -0.809677958, -0.028307857, 0.994913578, 0.0966722816, 0.81475848, -0.0330641158, 0.578855872)}) tween5:Play() tablesorting(part5, tween5)
		tween2 = ts:Create(part2, TweenInfo.new(0.04999999701976776, Enum.EasingStyle.Linear, Enum.EasingDirection.In, 0, false, 0), {C0 = CFrame.new(1.22473705, 0.928734958, -0.091291368, -0.947785199, 0.209164336, 0.240733743, 0.286671013, 0.228063375, 0.930487335, 0.13972199, 0.950913787, -0.27611661)}) tween2:Play() tablesorting(part2, tween2)
		tween4 = ts:Create(part4, TweenInfo.new(0.04999999701976776, Enum.EasingStyle.Linear, Enum.EasingDirection.In, 0, false, 0), {C0 = CFrame.new(1.07843173, -0.961100101, -0.597774744, -0.254983485, 0.0655999631, 0.964717269, 0.0298707932, 0.997754097, -0.0599515364, -0.966483891, 0.0135300756, -0.256370425)}) tween4:Play() tablesorting(part4, tween4)
		tween3 = ts:Create(part3, TweenInfo.new(0.04999999701976776, Enum.EasingStyle.Linear, Enum.EasingDirection.In, 0, false, 0), {C0 = CFrame.new(-0.882454753, 0.268121421, -0.605186462, -0.346187174, -0.0918410718, -0.93366009, -0.784730434, 0.573755622, 0.234528214, 0.514152825, 0.813862026, -0.270697355)}) tween3:Play() tablesorting(part3, tween3)
		task.wait(0.03499999701976776)

		if afterframe() then
			return
		end

		--6, 0.21666666865348816
		tween1 = ts:Create(part1, TweenInfo.new(0.0833333432674408, Enum.EasingStyle.Linear, Enum.EasingDirection.In, 0, false, 0), {C0 = CFrame.new(0.121415533, -0.23205322, -1.1700263, 0.998682737, -0.00949973986, 0.0504200719, -0.0497992039, 0.0570214503, 0.997130334, -0.0123474728, -0.998327732, 0.0564733036)}) tween1:Play() tablesorting(part1, tween1)
		tween6 = ts:Create(part6, TweenInfo.new(0.0833333432674408, Enum.EasingStyle.Linear, Enum.EasingDirection.In, 0, false, 0), {C0 = CFrame.new(5.96046448e-08, 1.00000024, -5.96046448e-08, -0.906760275, 0.339908391, -0.249496162, -0.0668531433, 0.468335032, 0.881018281, 0.416313231, 0.815551758, -0.401943624)}) tween6:Play() tablesorting(part6, tween6)
		tween5 = ts:Create(part5, TweenInfo.new(0.0833333432674408, Enum.EasingStyle.Linear, Enum.EasingDirection.In, 0, false, 0), {C0 = CFrame.new(-1.22532177, -0.771437049, -0.345664889, 0.555220485, 0.0911530554, -0.826689482, -0.0074473992, 0.994481206, 0.104653463, 0.831668496, -0.051950261, 0.552835524)}) tween5:Play() tablesorting(part5, tween5)
		tween2 = ts:Create(part2, TweenInfo.new(0.0833333432674408, Enum.EasingStyle.Linear, Enum.EasingDirection.In, 0, false, 0), {C0 = CFrame.new(1.24163043, 0.939890802, -0.057010591, -0.795553088, 0.424336195, 0.432473212, 0.569531322, 0.280220568, 0.77272892, 0.206708819, 0.86105448, -0.464603424)}) tween2:Play() tablesorting(part2, tween2)
		tween4 = ts:Create(part4, TweenInfo.new(0.0833333432674408, Enum.EasingStyle.Linear, Enum.EasingDirection.In, 0, false, 0), {C0 = CFrame.new(1.08100116, -0.876074672, -0.55266118, -0.267540455, 0.00833011791, 0.963509738, 0.247361481, 0.967043877, 0.0603244863, -0.931254268, 0.254474401, -0.260783732)}) tween4:Play() tablesorting(part4, tween4)
		tween3 = ts:Create(part3, TweenInfo.new(0.0833333432674408, Enum.EasingStyle.Linear, Enum.EasingDirection.In, 0, false, 0), {C0 = CFrame.new(-0.782117844, 0.504555225, -0.321957529, -0.0852280483, -0.351892948, -0.932150602, -0.936551154, 0.347558469, -0.0455744416, 0.340014398, 0.869122744, -0.359187812)}) tween3:Play() tablesorting(part3, tween3)
		task.wait(0.0683333432674408)

		if afterframe() then
			return
		end

		--7, 0.30000001192092896
		tween1 = ts:Create(part1, TweenInfo.new(0.06666666269302368, Enum.EasingStyle.Linear, Enum.EasingDirection.In, 0, false, 0), {C0 = CFrame.new(0.113728195, -0.301119059, -0.834385574, 0.993345261, -0.103746079, 0.050018426, -0.0383983515, 0.111123562, 0.993064702, -0.108584777, -0.988376737, 0.10640043)}) tween1:Play() tablesorting(part1, tween1)
		tween6 = ts:Create(part6, TweenInfo.new(0.06666666269302368, Enum.EasingStyle.Linear, Enum.EasingDirection.In, 0, false, 0), {C0 = CFrame.new(4.47034836e-08, 1.00000012, 5.96046448e-08, -0.935346186, 0.292241126, -0.199305639, -0.0247309431, 0.508029699, 0.860984623, 0.352868229, 0.81024754, -0.467956126)}) tween6:Play() tablesorting(part6, tween6)
		tween5 = ts:Create(part5, TweenInfo.new(0.06666666269302368, Enum.EasingStyle.Linear, Enum.EasingDirection.In, 0, false, 0), {C0 = CFrame.new(-1.24636638, -0.635713398, -0.196419775, 0.600241184, 0.12511152, -0.789969087, 0.0076351501, 0.986748278, 0.162079901, 0.799781799, -0.103320926, 0.591334105)}) tween5:Play() tablesorting(part5, tween5)
		tween2 = ts:Create(part2, TweenInfo.new(0.06666666269302368, Enum.EasingStyle.Linear, Enum.EasingDirection.In, 0, false, 0), {C0 = CFrame.new(1.26665771, 0.855025589, -0.0837958455, -0.749847889, 0.371406376, 0.547525048, 0.661582232, 0.413355589, 0.625656426, 0.00604985654, 0.831380785, -0.555670321)}) tween2:Play() tablesorting(part2, tween2)
		tween4 = ts:Create(part4, TweenInfo.new(0.06666666269302368, Enum.EasingStyle.Linear, Enum.EasingDirection.In, 0, false, 0), {C0 = CFrame.new(1.09238315, -0.736180127, -0.594148874, -0.0806458965, -0.0449623317, 0.995726883, 0.0761364102, 0.995785892, 0.0511307381, -0.993831098, 0.0799341425, -0.07688272)}) tween4:Play() tablesorting(part4, tween4)
		tween3 = ts:Create(part3, TweenInfo.new(0.06666666269302368, Enum.EasingStyle.Linear, Enum.EasingDirection.In, 0, false, 0), {C0 = CFrame.new(-0.994992137, 0.408909291, -0.356924057, -0.260276079, -0.511606991, -0.818848193, -0.875986874, 0.481806725, -0.0225887448, 0.406084418, 0.711422086, -0.57356441)}) tween3:Play() tablesorting(part3, tween3)
		task.wait(0.05166666269302368)

		if afterframe() then
			return
		end

		--8, 0.36666667461395264
		tween1 = ts:Create(part1, TweenInfo.new(0.04999998211860657, Enum.EasingStyle.Linear, Enum.EasingDirection.In, 0, false, 0), {C0 = CFrame.new(0.113727354, -0.301119506, -0.768674612, 0.988685429, -0.139280751, 0.0556947067, -0.0319273733, 0.167387903, 0.985374153, -0.146566242, -0.976003289, 0.161047176)}) tween1:Play() tablesorting(part1, tween1)
		tween6 = ts:Create(part6, TweenInfo.new(0.04999998211860657, Enum.EasingStyle.Linear, Enum.EasingDirection.In, 0, false, 0), {C0 = CFrame.new(7.4505806e-08, 1.00000024, 2.98023224e-08, -0.916382611, 0.35979563, -0.1754715, 0.00542076025, 0.449459434, 0.89328444, 0.400267154, 0.817639053, -0.413827002)}) tween6:Play() tablesorting(part6, tween6)
		tween5 = ts:Create(part5, TweenInfo.new(0.04999998211860657, Enum.EasingStyle.Linear, Enum.EasingDirection.In, 0, false, 0), {C0 = CFrame.new(-1.2527653, -0.646579385, -0.154356226, 0.592998803, 0.125136375, -0.79541564, -0.0366147533, 0.991019189, 0.128614038, 0.804369807, -0.0471461751, 0.59225744)}) tween5:Play() tablesorting(part5, tween5)
		tween2 = ts:Create(part2, TweenInfo.new(0.04999998211860657, Enum.EasingStyle.Linear, Enum.EasingDirection.In, 0, false, 0), {C0 = CFrame.new(1.21601105, 0.921019077, -0.113997638, -0.782959759, 0.337273031, 0.522701859, 0.619656146, 0.496827543, 0.607609332, -0.0547628105, 0.799630582, -0.597991526)}) tween2:Play() tablesorting(part2, tween2)
		tween4 = ts:Create(part4, TweenInfo.new(0.04999998211860657, Enum.EasingStyle.Linear, Enum.EasingDirection.In, 0, false, 0), {C0 = CFrame.new(1.09443855, -0.67280066, -0.583382964, -0.0314045548, -0.0499894097, 0.998254418, 0.0838053972, 0.995100439, 0.0524671227, -0.995987713, 0.0853063837, -0.0270612538)}) tween4:Play() tablesorting(part4, tween4)
		tween3 = ts:Create(part3, TweenInfo.new(0.04999998211860657, Enum.EasingStyle.Linear, Enum.EasingDirection.In, 0, false, 0), {C0 = CFrame.new(-1.03937864, 0.302984089, -0.260349631, -0.46325472, -0.383735001, -0.798835278, -0.765708745, 0.627139807, 0.142787829, 0.44619143, 0.677823663, -0.58435595)}) tween3:Play() tablesorting(part3, tween3)
		task.wait(0.03499998211860657)

		if afterframe() then
			return
		end

		--9, 0.4166666567325592
		tween1 = ts:Create(part1, TweenInfo.new(0.03333333134651184, Enum.EasingStyle.Linear, Enum.EasingDirection.In, 0, false, 0), {C0 = CFrame.new(0.113730349, -0.288021624, -0.75536567, 0.988366187, -0.145671546, 0.0437249355, -0.0154024605, 0.190144181, 0.981635511, -0.151310414, -0.970888972, 0.185688436)}) tween1:Play() tablesorting(part1, tween1)
		tween6 = ts:Create(part6, TweenInfo.new(0.03333333134651184, Enum.EasingStyle.Linear, Enum.EasingDirection.In, 0, false, 0), {C0 = CFrame.new(2.98023224e-08, 1.00000024, 2.98023224e-08, -0.907731235, 0.364140987, -0.208388075, -0.0340675414, 0.431078732, 0.901671231, 0.418166995, 0.825574279, -0.378898025)}) tween6:Play() tablesorting(part6, tween6)
		tween5 = ts:Create(part5, TweenInfo.new(0.03333333134651184, Enum.EasingStyle.Linear, Enum.EasingDirection.In, 0, false, 0), {C0 = CFrame.new(-1.25613594, -0.688325584, -0.151185751, 0.579758525, 0.0996138602, -0.808671594, -0.0351021439, 0.994630337, 0.0973570421, 0.814031541, -0.0280597582, 0.580145419)}) tween5:Play() tablesorting(part5, tween5)
		tween2 = ts:Create(part2, TweenInfo.new(0.03333333134651184, Enum.EasingStyle.Linear, Enum.EasingDirection.In, 0, false, 0), {C0 = CFrame.new(1.21018815, 0.913404167, -0.1243909, -0.791059256, 0.34016344, 0.508439481, 0.610154688, 0.498508811, 0.615792751, -0.0439916104, 0.797356606, -0.601904631)}) tween2:Play() tablesorting(part2, tween2)
		tween4 = ts:Create(part4, TweenInfo.new(0.03333333134651184, Enum.EasingStyle.Linear, Enum.EasingDirection.In, 0, false, 0), {C0 = CFrame.new(1.09625721, -0.654487848, -0.590201855, -0.031705901, -0.0654686242, 0.997348547, 0.0967425629, 0.992966712, 0.0682552233, -0.994805813, 0.0986494869, -0.0251498222)}) tween4:Play() tablesorting(part4, tween4)
		tween3 = ts:Create(part3, TweenInfo.new(0.03333333134651184, Enum.EasingStyle.Linear, Enum.EasingDirection.In, 0, false, 0), {C0 = CFrame.new(-1.02680945, 0.267887205, -0.242982745, -0.450726449, -0.317999572, -0.834096849, -0.743160307, 0.651323855, 0.153270453, 0.49453038, 0.688952446, -0.529894769)}) tween3:Play() tablesorting(part3, tween3)
		task.wait(0.01833333134651184)

		if afterframe() then
			return
		end

		--10, 0.44999998807907104
		tween1 = ts:Create(part1, TweenInfo.new(0.10000002384185791, Enum.EasingStyle.Sine, Enum.EasingDirection.In, 0, false, 0), {C0 = CFrame.new(0.113740534, -0.208805874, -0.40071708, 0.982199252, -0.176031649, 0.065552488, -0.0188157149, 0.255023122, 0.966752112, -0.186896324, -0.950776517, 0.247171476)}) tween1:Play() tablesorting(part1, tween1)
		tween6 = ts:Create(part6, TweenInfo.new(0.10000002384185791, Enum.EasingStyle.Sine, Enum.EasingDirection.In, 0, false, 0), {C0 = CFrame.new(2.98023224e-08, 1.00000024, -8.94069672e-08, -0.935346186, 0.307709903, -0.174477071, -0.024730945, 0.435151756, 0.90001756, 0.352868229, 0.846142948, -0.399407625)}) tween6:Play() tablesorting(part6, tween6)
		tween5 = ts:Create(part5, TweenInfo.new(0.10000002384185791, Enum.EasingStyle.Sine, Enum.EasingDirection.In, 0, false, 0), {C0 = CFrame.new(-1.27095163, -0.349980056, -0.638949573, 0.254083514, 0.0649492815, -0.964995444, 0.0619466081, 0.99460125, 0.0832535475, 0.965195358, -0.0809331164, 0.248688921)}) tween5:Play() tablesorting(part5, tween5)
		tween2 = ts:Create(part2, TweenInfo.new(0.10000002384185791, Enum.EasingStyle.Sine, Enum.EasingDirection.In, 0, false, 0), {C0 = CFrame.new(1.33533812, 0.522147179, -0.199955702, -0.670636654, 0.411519974, 0.61716795, 0.737497985, 0.459224701, 0.495185673, -0.0796402246, 0.787250459, -0.611468494)}) tween2:Play() tablesorting(part2, tween2)
		tween4 = ts:Create(part4, TweenInfo.new(0.10000002384185791, Enum.EasingStyle.Sine, Enum.EasingDirection.In, 0, false, 0), {C0 = CFrame.new(1.09727693, -0.764540374, -0.455068201, 0.148421437, -1.34110451e-07, 0.988923073, 0.0639592856, 0.997906446, -0.00959936343, -0.98685348, 0.0646754354, 0.14811042)}) tween4:Play() tablesorting(part4, tween4)
		tween3 = ts:Create(part3, TweenInfo.new(0.10000002384185791, Enum.EasingStyle.Sine, Enum.EasingDirection.In, 0, false, 0), {C0 = CFrame.new(-1.01706529, 0.270694047, -0.131895661, -0.257623911, 0.108734831, -0.96010524, -0.470409989, 0.853827119, 0.222923696, 0.844005466, 0.509073973, -0.168816417)}) tween3:Play() tablesorting(part3, tween3)
		task.wait(0.08500002384185791)

		if afterframe() then
			return
		end

		--11, 0.550000011920929
		tween1 = ts:Create(part1, TweenInfo.new(0.03333330154418945, Enum.EasingStyle.Linear, Enum.EasingDirection.In, 0, false, 0), {C0 = CFrame.new(0.0655157715, -0.15804714, -0.105270289, 0.970014334, -0.240767717, 0.0332076102, 0.0415397696, 0.298852593, 0.953394949, -0.239470869, -0.923427224, 0.299892843)}) tween1:Play() tablesorting(part1, tween1)
		tween6 = ts:Create(part6, TweenInfo.new(0.03333330154418945, Enum.EasingStyle.Linear, Enum.EasingDirection.In, 0, false, 0), {C0 = CFrame.new(1.1920929e-07, 1.00000024, 0, -0.915989161, 0.372014165, -0.15023081, -0.0149123957, 0.342622817, 0.939354897, 0.400925756, 0.862679124, -0.308291078)}) tween6:Play() tablesorting(part6, tween6)
		tween5 = ts:Create(part5, TweenInfo.new(0.03333330154418945, Enum.EasingStyle.Linear, Enum.EasingDirection.In, 0, false, 0), {C0 = CFrame.new(-1.2018714, -0.263465464, -0.905337811, 0.117337987, 0.055105105, -0.991558075, 0.158198878, 0.984672189, 0.0734443814, 0.980409145, -0.165482983, 0.106822282)}) tween5:Play() tablesorting(part5, tween5)
		tween2 = ts:Create(part2, TweenInfo.new(0.03333330154418945, Enum.EasingStyle.Linear, Enum.EasingDirection.In, 0, false, 0), {C0 = CFrame.new(1.35298157, 0.517704487, -0.22107619, -0.581865311, 0.299400628, 0.756168246, 0.721572816, 0.618975461, 0.310164094, -0.375186592, 0.726104617, -0.576199949)}) tween2:Play() tablesorting(part2, tween2)
		tween4 = ts:Create(part4, TweenInfo.new(0.03333330154418945, Enum.EasingStyle.Linear, Enum.EasingDirection.In, 0, false, 0), {C0 = CFrame.new(1.06587636, -0.871595562, -0.117929131, 0.179111317, -0.0204253644, 0.983613312, 0.160988048, 0.986917913, -0.00882205553, -0.970566094, 0.159930274, 0.180055603)}) tween4:Play() tablesorting(part4, tween4)
		tween3 = ts:Create(part3, TweenInfo.new(0.03333330154418945, Enum.EasingStyle.Linear, Enum.EasingDirection.In, 0, false, 0), {C0 = CFrame.new(-1.13172817, 0.362787724, -0.00470701605, -0.143946543, 0.141562104, -0.979406655, -0.45341745, 0.870278478, 0.192429483, 0.879598141, 0.471779734, -0.0610868186)}) tween3:Play() tablesorting(part3, tween3)
		task.wait(0.018333301544189454)

		if afterframe() then
			return
		end

		--12, 0.5833333134651184
		tween1 = ts:Create(part1, TweenInfo.new(0.050000011920928955, Enum.EasingStyle.Linear, Enum.EasingDirection.In, 0, false, 0), {C0 = CFrame.new(0.0655149966, -0.15804562, 0.108103342, 0.989048839, -0.147354871, -0.00828086119, 0.0452988259, 0.249688923, 0.967266142, -0.14046374, -0.957048595, 0.253629655)}) tween1:Play() tablesorting(part1, tween1)
		tween6 = ts:Create(part6, TweenInfo.new(0.050000011920928955, Enum.EasingStyle.Linear, Enum.EasingDirection.In, 0, false, 0), {C0 = CFrame.new(2.98023224e-08, 1.00000036, 0, -0.881107867, 0.427706242, -0.201782942, -0.0483955517, 0.342890859, 0.938127995, 0.47043258, 0.836357117, -0.281424761)}) tween6:Play() tablesorting(part6, tween6)
		tween5 = ts:Create(part5, TweenInfo.new(0.050000011920928955, Enum.EasingStyle.Linear, Enum.EasingDirection.In, 0, false, 0), {C0 = CFrame.new(-1.08526564, -0.234847903, -0.995023549, -0.0703465417, 0.0281078219, -0.997121751, -0.0993667692, 0.994434357, 0.0350439847, 0.992559612, 0.101544872, -0.0671616793)}) tween5:Play() tablesorting(part5, tween5)
		tween2 = ts:Create(part2, TweenInfo.new(0.050000011920928955, Enum.EasingStyle.Linear, Enum.EasingDirection.In, 0, false, 0), {C0 = CFrame.new(1.17744589, 0.505496204, -0.245580018, -0.353706598, -0.011307098, 0.935284436, 0.631042778, 0.735196948, 0.247534543, -0.690417051, 0.67775923, -0.252909422)}) tween2:Play() tablesorting(part2, tween2)
		tween4 = ts:Create(part4, TweenInfo.new(0.050000011920928955, Enum.EasingStyle.Linear, Enum.EasingDirection.In, 0, false, 0), {C0 = CFrame.new(1.06528354, -0.865784585, -0.0725575089, 0.0963269323, -0.0489855446, 0.994139433, 0.0555510297, 0.997497916, 0.0437671095, -0.99379611, 0.051009655, 0.098805815)}) tween4:Play() tablesorting(part4, tween4)
		tween3 = ts:Create(part3, TweenInfo.new(0.050000011920928955, Enum.EasingStyle.Linear, Enum.EasingDirection.In, 0, false, 0), {C0 = CFrame.new(-1.03930235, 0.451630771, -0.0149402171, 0.112289131, 0.267638057, -0.956951439, -0.315883219, 0.922703624, 0.22099489, 0.942129612, 0.277469367, 0.188152552)}) tween3:Play() tablesorting(part3, tween3)
		task.wait(0.035000011920928956)

		if afterframe() then
			return
		end

		--13, 0.6333333253860474
		tween1 = ts:Create(part1, TweenInfo.new(0.08333331346511841, Enum.EasingStyle.Linear, Enum.EasingDirection.In, 0, false, 0), {C0 = CFrame.new(0.0655149817, -0.196368575, 0.346088707, 0.998514891, -0.0535756089, -0.00986735057, 0.0216558091, 0.224163607, 0.974311233, -0.0499874242, -0.973077655, 0.224991024)}) tween1:Play() tablesorting(part1, tween1)
		tween6 = ts:Create(part6, TweenInfo.new(0.08333331346511841, Enum.EasingStyle.Linear, Enum.EasingDirection.In, 0, false, 0), {C0 = CFrame.new(4.47034836e-08, 1.00000036, 0, -0.933714747, 0.342066854, -0.105674766, 0.0168158878, 0.33674255, 0.941446781, 0.357622862, 0.877265573, -0.320173591)}) tween6:Play() tablesorting(part6, tween6)
		tween5 = ts:Create(part5, TweenInfo.new(0.08333331346511841, Enum.EasingStyle.Linear, Enum.EasingDirection.In, 0, false, 0), {C0 = CFrame.new(-1.08488655, -0.398831248, -0.971814513, -0.0736903772, 0.0175642334, -0.997126162, -0.243140846, 0.969357967, 0.0350440145, 0.967187583, 0.245024443, -0.0671616867)}) tween5:Play() tablesorting(part5, tween5)
		tween2 = ts:Create(part2, TweenInfo.new(0.08333331346511841, Enum.EasingStyle.Linear, Enum.EasingDirection.In, 0, false, 0), {C0 = CFrame.new(1.1233983, 0.460280716, -0.0457190871, -0.349589139, -0.0549853481, 0.935283601, 0.535226762, 0.807628334, 0.247534543, -0.768971682, 0.587123454, -0.252909392)}) tween2:Play() tablesorting(part2, tween2)
		tween4 = ts:Create(part4, TweenInfo.new(0.08333331346511841, Enum.EasingStyle.Linear, Enum.EasingDirection.In, 0, false, 0), {C0 = CFrame.new(1.06528318, -0.865784407, -0.07255885, 0.0131171793, -0.0567005575, 0.998300791, -0.0460514575, 0.997299135, 0.0572474524, -0.998850584, -0.0467240363, 0.0104693174)}) tween4:Play() tablesorting(part4, tween4)
		tween3 = ts:Create(part3, TweenInfo.new(0.08333331346511841, Enum.EasingStyle.Linear, Enum.EasingDirection.In, 0, false, 0), {C0 = CFrame.new(-1.04355669, 0.43245402, 0.0679916441, 0.212478757, 0.193456635, -0.95782119, -0.0615621768, 0.980910957, 0.184464663, 0.975223303, 0.0197703615, 0.220332995)}) tween3:Play() tablesorting(part3, tween3)
		task.wait(0.06833331346511841)

		if afterframe() then
			return
		end

		--14, 0.7166666388511658
		tween1 = ts:Create(part1, TweenInfo.new(0.10000002384185791, Enum.EasingStyle.Linear, Enum.EasingDirection.In, 0, false, 0), {C0 = CFrame.new(0.0655159503, -0.287870288, 0.635235906, 0.996153772, 0.0857806578, -0.0178620126, -0.00632929942, 0.273770988, 0.961774349, 0.0873916894, -0.957961917, 0.27326104)}) tween1:Play() tablesorting(part1, tween1)
		tween6 = ts:Create(part6, TweenInfo.new(0.10000002384185791, Enum.EasingStyle.Linear, Enum.EasingDirection.In, 0, false, 0), {C0 = CFrame.new(5.96046448e-08, 1.00000036, 2.98023224e-08, -0.945765913, 0.307180375, -0.105674751, 0.00430753129, 0.33713454, 0.941446781, 0.324820518, 0.889932871, -0.320173562)}) tween6:Play() tablesorting(part6, tween6)
		tween5 = ts:Create(part5, TweenInfo.new(0.10000002384185791, Enum.EasingStyle.Linear, Enum.EasingDirection.In, 0, false, 0), {C0 = CFrame.new(-1.08345282, -0.594131589, -0.737179637, 0.0931936651, 0.105844632, -0.990004599, -0.484034866, 0.873740315, 0.04785043, 0.870071411, 0.474737376, 0.132659808)}) tween5:Play() tablesorting(part5, tween5)
		tween2 = ts:Create(part2, TweenInfo.new(0.10000002384185791, Enum.EasingStyle.Linear, Enum.EasingDirection.In, 0, false, 0), {C0 = CFrame.new(1.11738777, 0.469244659, -0.0536863804, -0.292202055, -0.146461621, 0.945069909, 0.433407009, 0.860624373, 0.26737532, -0.852509737, 0.487727016, -0.187999755)}) tween2:Play() tablesorting(part2, tween2)
		tween4 = ts:Create(part4, TweenInfo.new(0.10000002384185791, Enum.EasingStyle.Linear, Enum.EasingDirection.In, 0, false, 0), {C0 = CFrame.new(1.06618905, -0.834358931, -0.239996716, 0.02135019, -0.0783063471, 0.996700346, -0.192914605, 0.977870345, 0.0809591785, -0.980983019, -0.194006458, 0.00577116013)}) tween4:Play() tablesorting(part4, tween4)
		tween3 = ts:Create(part3, TweenInfo.new(0.10000002384185791, Enum.EasingStyle.Linear, Enum.EasingDirection.In, 0, false, 0), {C0 = CFrame.new(-1.04355788, 0.432453692, 0.0679912865, 0.370315909, 0.118159667, -0.921356976, -0.0174851324, 0.992589116, 0.120268375, 0.928739786, -0.0284275785, 0.369638205)}) tween3:Play() tablesorting(part3, tween3)
		task.wait(0.08500002384185791)

		if afterframe() then
			return
		end

		--15, 0.8166666626930237
		tween1 = ts:Create(part1, TweenInfo.new(0.13333332538604736, Enum.EasingStyle.Linear, Enum.EasingDirection.In, 0, false, 0), {C0 = CFrame.new(0.0655301437, -0.192226201, 1.03081381, 0.998033762, 0.0598215051, -0.0186956432, 0.000528644305, 0.290251374, 0.956950605, 0.0626726076, -0.95507884, 0.289649159)}) tween1:Play() tablesorting(part1, tween1)
		tween6 = ts:Create(part6, TweenInfo.new(0.13333332538604736, Enum.EasingStyle.Linear, Enum.EasingDirection.In, 0, false, 0), {C0 = CFrame.new(6.70552254e-08, 1.00000024, 0, -0.95514524, 0.279944837, -0.0965839624, -0.00652435049, 0.306173682, 0.95195353, 0.296065867, 0.909883797, -0.290614009)}) tween6:Play() tablesorting(part6, tween6)
		tween5 = ts:Create(part5, TweenInfo.new(0.13333332538604736, Enum.EasingStyle.Linear, Enum.EasingDirection.In, 0, false, 0), {C0 = CFrame.new(-1.07365561, -0.718767107, -0.586837828, 0.101042777, 0.0929897949, -0.990522623, -0.415286183, 0.908679724, 0.0429444611, 0.904060662, 0.40701139, 0.130433619)}) tween5:Play() tablesorting(part5, tween5)
		tween2 = ts:Create(part2, TweenInfo.new(0.13333332538604736, Enum.EasingStyle.Linear, Enum.EasingDirection.In, 0, false, 0), {C0 = CFrame.new(1.1173867, 0.469243616, -0.0536881089, -0.132934377, -0.192972362, 0.972152352, 0.318095922, 0.920669556, 0.226247668, -0.938690186, 0.339313388, -0.0610060841)}) tween2:Play() tablesorting(part2, tween2)
		tween4 = ts:Create(part4, TweenInfo.new(0.13333332538604736, Enum.EasingStyle.Linear, Enum.EasingDirection.In, 0, false, 0), {C0 = CFrame.new(1.05741441, -0.88821733, -0.441206753, 0.0311395526, -0.0749536604, 0.996699274, -0.315759897, 0.945380151, 0.0809591115, -0.948327661, -0.317238361, 0.00577107072)}) tween4:Play() tablesorting(part4, tween4)
		tween3 = ts:Create(part3, TweenInfo.new(0.13333332538604736, Enum.EasingStyle.Linear, Enum.EasingDirection.In, 0, false, 0), {C0 = CFrame.new(-1.04355741, 0.432453871, 0.0679917037, 0.307680815, 0.166579291, -0.93679148, -0.144155458, 0.981352866, 0.127157778, 0.940504789, 0.0959192589, 0.325957417)}) tween3:Play() tablesorting(part3, tween3)
		task.wait(0.11833332538604736)

		if afterframe() then
			return
		end

		--16, 0.949999988079071
		tween1 = ts:Create(part1, TweenInfo.new(0.09999996423721313, Enum.EasingStyle.Linear, Enum.EasingDirection.In, 0, false, 0), {C0 = CFrame.new(0.0655291528, -0.124323837, 1.49733436, 0.999992311, -0.00322077423, -0.00214126008, 0.00287791528, 0.249762416, 0.968303323, -0.00258392468, -0.968301833, 0.249769807)}) tween1:Play() tablesorting(part1, tween1)
		tween6 = ts:Create(part6, TweenInfo.new(0.09999996423721313, Enum.EasingStyle.Linear, Enum.EasingDirection.In, 0, false, 0), {C0 = CFrame.new(4.47034836e-08, 1.00000024, 5.96046448e-08, -0.986951172, 0.156141341, -0.0393353812, 0.00993175432, 0.302855194, 0.952984989, 0.160713211, 0.940158844, -0.30045408)}) tween6:Play() tablesorting(part6, tween6)
		tween5 = ts:Create(part5, TweenInfo.new(0.09999996423721313, Enum.EasingStyle.Linear, Enum.EasingDirection.In, 0, false, 0), {C0 = CFrame.new(-1.07440495, -0.833627999, -0.277322143, 0.0377768427, 0.0770104527, -0.99631387, -0.311199218, 0.948352993, 0.0615037866, 0.949593604, 0.307728797, 0.0597914904)}) tween5:Play() tablesorting(part5, tween5)
		tween2 = ts:Create(part2, TweenInfo.new(0.09999996423721313, Enum.EasingStyle.Linear, Enum.EasingDirection.In, 0, false, 0), {C0 = CFrame.new(1.00085187, 0.460610479, -0.0215599537, 0.0724623129, -0.160110474, 0.984434307, 0.286321044, 0.948825359, 0.133243084, -0.955389559, 0.272209525, 0.114596732)}) tween2:Play() tablesorting(part2, tween2)
		tween4 = ts:Create(part4, TweenInfo.new(0.09999996423721313, Enum.EasingStyle.Linear, Enum.EasingDirection.In, 0, false, 0), {C0 = CFrame.new(1.05828893, -0.575811744, -0.914940834, 0.0384463221, -0.0714815706, 0.996696949, -0.408299446, 0.909254253, 0.0809590071, -0.912038267, -0.410062462, 0.0057708621)}) tween4:Play() tablesorting(part4, tween4)
		tween3 = ts:Create(part3, TweenInfo.new(0.09999996423721313, Enum.EasingStyle.Linear, Enum.EasingDirection.In, 0, false, 0), {C0 = CFrame.new(-1.04322314, 0.463965029, -0.0541710258, 0.117972881, 0.172152489, -0.977977037, -0.255661428, 0.956925035, 0.137607753, 0.959540665, 0.23379682, 0.156904757)}) tween3:Play() tablesorting(part3, tween3)
		task.wait(0.08499996423721314)

		if afterframe() then
			return
		end

		--17, 1.0499999523162842
		tween1 = ts:Create(part1, TweenInfo.new(0.08333337306976318, Enum.EasingStyle.Linear, Enum.EasingDirection.In, 0, false, 0), {C0 = CFrame.new(0.0655262023, -0.106603771, 1.9137485, 0.999885798, -0.0138325598, 0.00604785327, -0.00289819716, 0.217270911, 0.976107359, -0.0148161165, -0.976013362, 0.217206091)}) tween1:Play() tablesorting(part1, tween1)
		tween6 = ts:Create(part6, TweenInfo.new(0.08333337306976318, Enum.EasingStyle.Linear, Enum.EasingDirection.In, 0, false, 0), {C0 = CFrame.new(4.47034836e-08, 1.00000024, -2.98023224e-08, -0.993881941, 0.103204794, -0.0393353775, -0.00625810493, 0.302953422, 0.952984929, 0.110269353, 0.947400689, -0.300454021)}) tween6:Play() tablesorting(part6, tween6)
		tween5 = ts:Create(part5, TweenInfo.new(0.08333337306976318, Enum.EasingStyle.Linear, Enum.EasingDirection.In, 0, false, 0), {C0 = CFrame.new(-1.07820785, -0.889354706, -0.0269424841, 0.0526299626, 0.0677330196, -0.996313214, -0.112106591, 0.991792023, 0.0615038909, 0.992301345, 0.108456492, 0.0597915798)}) tween5:Play() tablesorting(part5, tween5)
		tween2 = ts:Create(part2, TweenInfo.new(0.08333337306976318, Enum.EasingStyle.Linear, Enum.EasingDirection.In, 0, false, 0), {C0 = CFrame.new(0.999207795, 0.436525613, 0.0866509229, 0.0720582008, -0.127707601, 0.98918879, 0.190183848, 0.975333571, 0.112064362, -0.979100227, 0.180053174, 0.09456826)}) tween2:Play() tablesorting(part2, tween2)
		tween4 = ts:Create(part4, TweenInfo.new(0.08333337306976318, Enum.EasingStyle.Linear, Enum.EasingDirection.In, 0, false, 0), {C0 = CFrame.new(1.05828977, -0.575814188, -0.914939344, -0.00126697123, -0.0811549574, 0.996696889, 0.0866198391, 0.992949486, 0.0809590146, -0.996239722, 0.0864372775, 0.0057708621)}) tween4:Play() tablesorting(part4, tween4)
		tween3 = ts:Create(part3, TweenInfo.new(0.08333337306976318, Enum.EasingStyle.Linear, Enum.EasingDirection.In, 0, false, 0), {C0 = CFrame.new(-1.04322243, 0.463965416, -0.0541704595, -0.19370985, 0.172152489, -0.965832889, -0.199820802, 0.956925035, 0.210642651, 0.960493028, 0.233796835, -0.150965452)}) tween3:Play() tablesorting(part3, tween3)
		task.wait(0.06833337306976318)

		if afterframe() then
			return
		end

		--18, 1.1333333253860474
		tween1 = ts:Create(part1, TweenInfo.new(0.10000002384185791, Enum.EasingStyle.Linear, Enum.EasingDirection.In, 0, false, 0), {C0 = CFrame.new(0.0655295029, -0.21990779, 2.23882675, 0.999950588, 0.00726938061, 0.00674197683, -0.0083154114, 0.244607329, 0.969586968, 0.00539912656, -0.969595075, 0.244655728)}) tween1:Play() tablesorting(part1, tween1)
		tween6 = ts:Create(part6, TweenInfo.new(0.10000002384185791, Enum.EasingStyle.Linear, Enum.EasingDirection.In, 0, false, 0), {C0 = CFrame.new(5.96046448e-08, 1.00000024, 1.1920929e-07, -0.99684298, 0.0689667463, -0.0393353775, -0.0166721791, 0.302558959, 0.952984989, 0.0776255131, 0.950632095, -0.30045405)}) tween6:Play() tablesorting(part6, tween6)
		tween5 = ts:Create(part5, TweenInfo.new(0.10000002384185791, Enum.EasingStyle.Linear, Enum.EasingDirection.In, 0, false, 0), {C0 = CFrame.new(-1.0767591, -0.860835493, -0.0781055093, 0.126884237, 0.0603003651, -0.990079403, 0.120726213, 0.98979342, 0.0757554173, 0.9845438, -0.129140139, 0.118310481)}) tween5:Play() tablesorting(part5, tween5)
		tween2 = ts:Create(part2, TweenInfo.new(0.10000002384185791, Enum.EasingStyle.Linear, Enum.EasingDirection.In, 0, false, 0), {C0 = CFrame.new(0.998929501, 0.433892727, 0.0970662087, 0.129654333, -0.120670296, 0.984186411, 0.106380358, 0.988533556, 0.107188463, -0.985836029, 0.0908014774, 0.1410041)}) tween2:Play() tablesorting(part2, tween2)
