function animation(character)
	local canceldb = false
	local root = character:FindFirstChild("HumanoidRootPart", true)
	local part1 = character["HumanoidRootPart"]["RootJoint"]	
	local part2 = character["Torso"]["Right Shoulder"]
	local part3 = character["Torso"]["Left Shoulder"]
	local part4 = character["Torso"]["Right Hip"]
	local part5 = character["Torso"]["Left Hip"]
	local part6 = character["Torso"]["Neck"]
	local val = 2 --Action
	local tweens = {}
	local function tablesorting(part, tween)
		for i, v in pairs(tweens) do
			if v.Instance == part then
				table.remove(tweens, table.find(tweens, v))
			end
		end
		table.insert(tweens, tween)
	end
	local ts = game:GetService("TweenService")
	local tween1, tween2, tween3, tween4, tween5, tween6

	local priority = root:FindFirstChild("priority")
	if not priority then
		priority = Instance.new("NumberValue", root)
		priority.Name = "priority"
	end

	local anims = root:FindFirstChild("anims")
	if not anims then
		anims = Instance.new("Folder", root)
		anims.Name = "anims"
	end
	local animvalue = anims:FindFirstChild("victim")
	if not animvalue then
		animvalue = Instance.new("BoolValue", anims)
		animvalue.Value = true
		animvalue.Name = "victim"
	end
	animvalue.Value = true

	local function afterframe()
		if canceldb or not character or not part1 then
			return true
		else
			return false
		end
	end

	if afterframe() then
		animvalue.Value = false
		return false
	end
	priority.Value = val
	local connect
	local connect2
	connect = priority.Changed:Connect(function()
		if priority.Value > val then
			for i, v in pairs(tweens) do
				if v and v.PlaybackState == Enum.PlaybackState.Playing then
					v:Cancel()
				end
			end
			canceldb = true
			connect2:Disconnect()
			connect:Disconnect()
		else
			priority.Value = val
		end
	end)
	connect2 = animvalue.Changed:Connect(function()
		if not animvalue.Value then
			for i, v in pairs(tweens) do
				if v and v.PlaybackState == Enum.PlaybackState.Playing then
					v:Cancel()
				end
			end
			canceldb = true
			connect:Disconnect()
			if priority.Value <= val then
				priority.Value = 0
			end
			connect2:Disconnect()
		--smooth transition
		tween1 = ts:Create(part1, TweenInfo.new(0.5), {C0 = CFrame.new(0, 0, 0, -1, 0, 0, 0, 0, 1, 0, 1, -0)}) tween1:Play() tablesorting(part1, tween1)
		tween2 = ts:Create(part2, TweenInfo.new(0.5), {C0 = CFrame.new(1, 0.5, 0, 0, 0, 1, 0, 1, -0, -1, 0, 0)}) tween2:Play() tablesorting(part2, tween2)
		tween3 = ts:Create(part3, TweenInfo.new(0.5), {C0 = CFrame.new(-1, 0.5, 0, 0, 0, -1, 0, 1, 0, 1, 0, 0)}) tween3:Play() tablesorting(part3, tween3)
		tween4 = ts:Create(part4, TweenInfo.new(0.5), {C0 = CFrame.new(1, -1, 0, 0, 0, 1, 0, 1, -0, -1, 0, 0)}) tween4:Play() tablesorting(part4, tween4)
		tween5 = ts:Create(part5, TweenInfo.new(0.5), {C0 = CFrame.new(-1, -1, 0, 0, 0, -1, 0, 1, 0, 1, 0, 0)}) tween5:Play() tablesorting(part5, tween5)
		tween6 = ts:Create(part6, TweenInfo.new(0.5), {C0 = CFrame.new(0, 1, 0, -1, 0, 0, 0, 0, 1, 0, 1, -0)}) tween6:Play() tablesorting(part6, tween6)
		end
	end)
	if true then
		--1, 0
		tween1 = ts:Create(part1, TweenInfo.new(0.13333334028720856, Enum.EasingStyle.Linear, Enum.EasingDirection.In, 0, false, 0), {C0 = CFrame.new(-8.23289156e-07, -3.20374966e-07, 0.952303648, -0.985786557, -0.168002993, 0, 0.0283314697, -0.166239828, 0.985678911, -0.165596887, 0.971668363, 0.168636829)}) tween1:Play() tablesorting(part1, tween1)
		tween6 = ts:Create(part6, TweenInfo.new(0.13333334028720856, Enum.EasingStyle.Linear, Enum.EasingDirection.In, 0, false, 0), {C0 = CFrame.new(0, 0.999999881, 2.98023224e-08, -0.994817734, 0.0973905474, -0.0292144027, 0.0158657506, 0.432488859, 0.901499808, 0.10043247, 0.896364272, -0.431792438)}) tween6:Play() tablesorting(part6, tween6)
		tween5 = ts:Create(part5, TweenInfo.new(0.13333334028720856, Enum.EasingStyle.Linear, Enum.EasingDirection.In, 0, false, 0), {C0 = CFrame.new(-0.978212655, -0.968961477, 0.0770328939, 0.253752977, -0.0133323595, -0.967176914, 0.361496747, 0.928756893, 0.0820411295, 0.89717859, -0.370449573, 0.240494341)}) tween5:Play() tablesorting(part5, tween5)
		tween2 = ts:Create(part2, TweenInfo.new(0.13333334028720856, Enum.EasingStyle.Linear, Enum.EasingDirection.In, 0, false, 0), {C0 = CFrame.new(0.99999994, 0.5, 8.94069672e-08, -0.247204155, -0.478757739, 0.842425704, 0.328873634, 0.776344597, 0.537709117, -0.911445081, 0.409975469, -0.0344648361)}) tween2:Play() tablesorting(part2, tween2)
		tween4 = ts:Create(part4, TweenInfo.new(0.13333334028720856, Enum.EasingStyle.Linear, Enum.EasingDirection.In, 0, false, 0), {C0 = CFrame.new(1.12018168, -0.988598228, -0.394251287, -0.0877358466, 0.0231399126, 0.995875299, 0.0605682135, 0.998004019, -0.017853355, -0.994300663, 0.0587519482, -0.0889622867)}) tween4:Play() tablesorting(part4, tween4)
		tween3 = ts:Create(part3, TweenInfo.new(0.13333334028720856, Enum.EasingStyle.Linear, Enum.EasingDirection.In, 0, false, 0), {C0 = CFrame.new(-0.943353951, 0.301198006, 0.332401365, -0.190650657, 0.570004523, -0.799216509, -0.078893289, 0.802619755, 0.591250956, 0.978482664, 0.175775319, -0.108050473)}) tween3:Play() tablesorting(part3, tween3)
		task.wait(0.11833334028720856)

		if afterframe() then
			return
		end

		--2, 0.13333334028720856
		tween1 = ts:Create(part1, TweenInfo.new(0.01666666567325592, Enum.EasingStyle.Linear, Enum.EasingDirection.In, 0, false, 0), {C0 = CFrame.new(-0.118113078, 0.403001428, 2.03548813, -0.999998868, -0.000970318913, -0.00119391526, -0.00120071939, 0.00704542547, 0.999975085, -0.000961886719, 0.999974668, -0.00704659522)}) tween1:Play() tablesorting(part1, tween1)
		tween6 = ts:Create(part6, TweenInfo.new(0.01666666567325592, Enum.EasingStyle.Linear, Enum.EasingDirection.In, 0, false, 0), {C0 = CFrame.new(3.77744436e-06, 1.00000072, -1.04308128e-06, -0.994781017, 0.102034017, -0.000697927549, 0.0629945397, 0.619517565, 0.782451391, 0.0802690014, 0.778323293, -0.622711658)}) tween6:Play() tablesorting(part6, tween6)
		tween5 = ts:Create(part5, TweenInfo.new(0.01666666567325592, Enum.EasingStyle.Linear, Enum.EasingDirection.In, 0, false, 0), {C0 = CFrame.new(-1.06664729, -0.846344113, -0.238252252, 0.252907068, 0.164812148, -0.953349173, -0.350684285, 0.933990061, 0.0684349015, 0.901697397, 0.317017108, 0.294009566)}) tween5:Play() tablesorting(part5, tween5)
		tween2 = ts:Create(part2, TweenInfo.new(0.01666666567325592, Enum.EasingStyle.Linear, Enum.EasingDirection.In, 0, false, 0), {C0 = CFrame.new(1.00000155, 0.499998689, 3.75509262e-06, -0.547163367, -0.0928049833, 0.831864774, 0.6782372, 0.533252239, 0.505605221, -0.490516424, 0.840849996, -0.228832424)}) tween2:Play() tablesorting(part2, tween2)
		tween4 = ts:Create(part4, TweenInfo.new(0.01666666567325592, Enum.EasingStyle.Linear, Enum.EasingDirection.In, 0, false, 0), {C0 = CFrame.new(1.20094609, -0.967094839, 0.0796362162, 0.235653028, -0.315883696, 0.919067502, 0.530919909, 0.833950877, 0.150498927, -0.813997388, 0.452485621, 0.364231974)}) tween4:Play() tablesorting(part4, tween4)
		tween3 = ts:Create(part3, TweenInfo.new(0.01666666567325592, Enum.EasingStyle.Linear, Enum.EasingDirection.In, 0, false, 0), {C0 = CFrame.new(-0.944002092, 0.30591926, -0.337839186, -0.191863418, 0.570052028, -0.798892438, -0.781693399, 0.403432339, 0.475602865, 0.593417048, 0.715740025, 0.368201733)}) tween3:Play() tablesorting(part3, tween3)
		task.wait()

		if afterframe() then
			return
		end

		--3, 0.15000000596046448
		tween1 = ts:Create(part1, TweenInfo.new(0.03333333134651184, Enum.EasingStyle.Linear, Enum.EasingDirection.In, 0, false, 0), {C0 = CFrame.new(-0.118121199, 0.491922319, 2.06975079, -0.999998748, -0.000848101452, -0.00128361862, -0.0012007202, -0.0914055705, 0.995813787, -0.000961884856, 0.99581337, 0.0914045051)}) tween1:Play() tablesorting(part1, tween1)
		tween6 = ts:Create(part6, TweenInfo.new(0.03333333134651184, Enum.EasingStyle.Linear, Enum.EasingDirection.In, 0, false, 0), {C0 = CFrame.new(3.78023833e-06, 1.00000072, -1.23679638e-06, -0.994781077, 0.0837438926, 0.058295697, 0.0629945472, 0.0546067953, 0.996519029, 0.0802690014, 0.99499011, -0.059597373)}) tween6:Play() tablesorting(part6, tween6)
		tween5 = ts:Create(part5, TweenInfo.new(0.03333333134651184, Enum.EasingStyle.Linear, Enum.EasingDirection.In, 0, false, 0), {C0 = CFrame.new(-1.06664717, -0.846344233, -0.238252535, 0.294268101, 0.332132727, -0.896155119, -0.00650246767, 0.938346803, 0.34563452, 0.955700696, -0.0958818346, 0.278285086)}) tween5:Play() tablesorting(part5, tween5)
		tween2 = ts:Create(part2, TweenInfo.new(0.03333333134651184, Enum.EasingStyle.Linear, Enum.EasingDirection.In, 0, false, 0), {C0 = CFrame.new(1.4378469, 0.644314408, -0.516195416, 0.158418357, -0.98015064, 0.119193859, 0.96659708, 0.129317373, -0.221288621, 0.201481968, 0.150268555, 0.967896342)}) tween2:Play() tablesorting(part2, tween2)
		tween4 = ts:Create(part4, TweenInfo.new(0.03333333134651184, Enum.EasingStyle.Linear, Enum.EasingDirection.In, 0, false, 0), {C0 = CFrame.new(1.06777143, -0.539415658, -0.193192989, 0.247088462, -0.36456266, 0.897797942, 0.254164815, 0.918470383, 0.303007007, -0.935065389, 0.153318718, 0.319602072)}) tween4:Play() tablesorting(part4, tween4)
		tween3 = ts:Create(part3, TweenInfo.new(0.03333333134651184, Enum.EasingStyle.Linear, Enum.EasingDirection.In, 0, false, 0), {C0 = CFrame.new(-1.50867701, 0.557392478, -0.496233732, -0.0193733573, 0.978239119, -0.206573769, -0.999138653, -0.0265295841, -0.0319287032, -0.0367143005, 0.205777332, 0.977909446)}) tween3:Play() tablesorting(part3, tween3)
		task.wait(0.01833333134651184)

		if afterframe() then
			return
		end

		--4, 0.18333333730697632
		tween1 = ts:Create(part1, TweenInfo.new(0.06666666269302368, Enum.EasingStyle.Linear, Enum.EasingDirection.In, 0, false, 0), {C0 = CFrame.new(-0.118420593, 0.738899052, 1.9854579, -0.999998748, -0.00101480819, -0.00115633372, -0.00120072195, 0.0448869094, 0.998992145, -0.000961884856, 0.998991668, -0.0448881015)}) tween1:Play() tablesorting(part1, tween1)
		tween6 = ts:Create(part6, TweenInfo.new(0.06666666269302368, Enum.EasingStyle.Linear, Enum.EasingDirection.In, 0, false, 0), {C0 = CFrame.new(3.78815457e-06, 1.00000107, -1.34110451e-06, -0.994781017, 0.090711236, 0.0467215255, 0.0629945397, 0.185776234, 0.980570912, 0.080268994, 0.978396058, -0.190521061)}) tween6:Play() tablesorting(part6, tween6)
		tween5 = ts:Create(part5, TweenInfo.new(0.06666666269302368, Enum.EasingStyle.Linear, Enum.EasingDirection.In, 0, false, 0), {C0 = CFrame.new(-1.06664729, -0.84634459, -0.23825261, 0.266417325, 0.450611055, -0.852039516, -0.116096154, 0.892555475, 0.435737073, 0.956840277, -0.0171692073, 0.290106297)}) tween5:Play() tablesorting(part5, tween5)
		tween2 = ts:Create(part2, TweenInfo.new(0.06666666269302368, Enum.EasingStyle.Linear, Enum.EasingDirection.In, 0, false, 0), {C0 = CFrame.new(1.43784654, 0.644315064, -0.516195655, -0.137207821, -0.990528643, 0.00506677851, 0.99002552, -0.137299776, -0.0316192359, 0.0320151895, 0.000677982345, 0.999486685)}) tween2:Play() tablesorting(part2, tween2)
		tween4 = ts:Create(part4, TweenInfo.new(0.06666666269302368, Enum.EasingStyle.Linear, Enum.EasingDirection.In, 0, false, 0), {C0 = CFrame.new(1.06777143, -0.539415896, -0.193193272, 0.296516031, -0.397807837, 0.868232071, 0.0394904204, 0.913447022, 0.405038089, -0.954210877, -0.0858135521, 0.286560893)}) tween4:Play() tablesorting(part4, tween4)
		tween3 = ts:Create(part3, TweenInfo.new(0.06666666269302368, Enum.EasingStyle.Linear, Enum.EasingDirection.In, 0, false, 0), {C0 = CFrame.new(-1.50867748, 0.557392836, -0.496233881, -0.238173366, 0.968997717, -0.0657008588, -0.96993053, -0.240800828, -0.0353695303, -0.0500938892, 0.0553012639, 0.997211933)}) tween3:Play() tablesorting(part3, tween3)
		task.wait(0.05166666269302368)

		if afterframe() then
			return
		end

		--5, 0.25
		tween1 = ts:Create(part1, TweenInfo.new(0.09999999403953552, Enum.EasingStyle.Linear, Enum.EasingDirection.In, 0, false, 0), {C0 = CFrame.new(-0.118408903, 0.746189952, 1.78571415, -0.999998868, -0.00083222799, -0.00129396701, -0.00120072369, -0.103664957, 0.994612157, -0.000961884856, 0.994611919, 0.103663921)}) tween1:Play() tablesorting(part1, tween1)
		tween6 = ts:Create(part6, TweenInfo.new(0.09999999403953552, Enum.EasingStyle.Linear, Enum.EasingDirection.In, 0, false, 0), {C0 = CFrame.new(3.78955156e-06, 1.00000072, -1.01327896e-06, -0.994781077, 0.090197444, 0.047705818, 0.0629945323, 0.175095499, 0.982534289, 0.0802690014, 0.98041147, -0.179863304)}) tween6:Play() tablesorting(part6, tween6)
		tween5 = ts:Create(part5, TweenInfo.new(0.09999999403953552, Enum.EasingStyle.Linear, Enum.EasingDirection.In, 0, false, 0), {C0 = CFrame.new(-0.98463726, -0.849161267, 0.0163409114, 0.390985787, 0.181814253, -0.902260244, 0.310623527, 0.896714866, 0.315302402, 0.866396725, -0.403542042, 0.294126868)}) tween5:Play() tablesorting(part5, tween5)
		tween2 = ts:Create(part2, TweenInfo.new(0.09999999403953552, Enum.EasingStyle.Linear, Enum.EasingDirection.In, 0, false, 0), {C0 = CFrame.new(1.4379375, 0.715896785, -0.504462838, -0.23731719, -0.969761193, 0.0569542795, 0.971251786, -0.23573482, 0.033154279, -0.0187255144, 0.0631850809, 0.997826219)}) tween2:Play() tablesorting(part2, tween2)
		tween4 = ts:Create(part4, TweenInfo.new(0.09999999403953552, Enum.EasingStyle.Linear, Enum.EasingDirection.In, 0, false, 0), {C0 = CFrame.new(1.06777167, -0.539414704, -0.193193853, 0.259641767, -0.319236726, 0.911413193, 0.170530349, 0.944105148, 0.282107294, -0.950529099, 0.0821767449, 0.299568713)}) tween4:Play() tablesorting(part4, tween4)
		tween3 = ts:Create(part3, TweenInfo.new(0.09999999403953552, Enum.EasingStyle.Linear, Enum.EasingDirection.In, 0, false, 0), {C0 = CFrame.new(-1.50858545, 0.634361267, -0.483621806, -0.324486047, 0.943284988, -0.0701644868, -0.945440412, -0.321149975, 0.0548229069, 0.0291801393, 0.0841258168, 0.996027708)}) tween3:Play() tablesorting(part3, tween3)
		task.wait(0.08499999403953552)

		if afterframe() then
			return
		end

		--6, 0.3499999940395355
		tween1 = ts:Create(part1, TweenInfo.new(0.09999999403953552, Enum.EasingStyle.Linear, Enum.EasingDirection.In, 0, false, 0), {C0 = CFrame.new(-0.118403822, 0.653835535, 1.59884501, -0.999998868, -0.000784426928, -0.00132348982, -0.00120072067, -0.139912829, 0.990163803, -0.000961882994, 0.990163624, 0.13991183)}) tween1:Play() tablesorting(part1, tween1)
		tween6 = ts:Create(part6, TweenInfo.new(0.21666666865348816, Enum.EasingStyle.Linear, Enum.EasingDirection.In, 0, false, 0), {C0 = CFrame.new(3.77465039e-06, 1.0000006, -1.05798244e-06, -0.994781017, 0.0713925362, 0.0729008168, 0.0629945397, -0.132336378, 0.989201128, 0.080268994, 0.988630772, 0.127148464)}) tween6:Play() tablesorting(part6, tween6)
		tween5 = ts:Create(part5, TweenInfo.new(0.1666666567325592, Enum.EasingStyle.Linear, Enum.EasingDirection.In, 0, false, 0), {C0 = CFrame.new(-1.01386011, -0.76117754, -0.0504273772, 0.295151711, 0.299777806, -0.907203674, 0.444664955, 0.797308683, 0.408132076, 0.845670462, -0.52386266, 0.102026314)}) tween5:Play() tablesorting(part5, tween5)
		tween2 = ts:Create(part2, TweenInfo.new(0.3333333432674408, Enum.EasingStyle.Linear, Enum.EasingDirection.In, 0, false, 0), {C0 = CFrame.new(1.43083954, 0.367732316, -0.549518466, 0.207006812, -0.963805497, 0.168008626, 0.785675704, 0.266101718, 0.55848527, -0.582977414, 0.0163902119, 0.812323213)}) tween2:Play() tablesorting(part2, tween2)
		tween4 = ts:Create(part4, TweenInfo.new(0.21666666865348816, Enum.EasingStyle.Linear, Enum.EasingDirection.In, 0, false, 0), {C0 = CFrame.new(1.06777167, -0.539414346, -0.193193913, -0.00454223156, -0.132302389, 0.991198957, 0.50526768, 0.855069637, 0.116447657, -0.862950683, 0.501349688, 0.0629642308)}) tween4:Play() tablesorting(part4, tween4)
		tween3 = ts:Create(part3, TweenInfo.new(0.3333333432674408, Enum.EasingStyle.Linear, Enum.EasingDirection.In, 0, false, 0), {C0 = CFrame.new(-1.03649414, 0.744679272, -0.771139085, -0.934419513, -0.30431968, 0.185065031, 0.344032407, -0.636659622, 0.690152466, -0.0922029316, 0.708558857, 0.699602664)}) tween3:Play() tablesorting(part3, tween3)
		task.wait(0.08499999403953552)

		if afterframe() then
			return
		end

		--7, 0.44999998807907104
		tween1 = ts:Create(part1, TweenInfo.new(0.11666667461395264, Enum.EasingStyle.Linear, Enum.EasingDirection.In, 0, false, 0), {C0 = CFrame.new(-0.118405536, 0.429834902, 1.39584899, -0.999998868, -0.000898119062, -0.00124913245, -0.00120072276, -0.0520217158, 0.998645842, -0.000961886719, 0.998645604, 0.052020628)}) tween1:Play() tablesorting(part1, tween1)
		task.wait(0.05166666269302368)

		if afterframe() then
			return
		end

		--8, 0.5166666507720947
		tween5 = ts:Create(part5, TweenInfo.new(0.10000002384185791, Enum.EasingStyle.Linear, Enum.EasingDirection.In, 0, false, 0), {C0 = CFrame.new(-1.00563514, -0.52844429, -0.0674416721, 0.144490913, 0.332240611, -0.932061255, 0.0490467586, 0.938383579, 0.342097491, 0.988289833, -0.0951445997, 0.119292513)}) tween5:Play() tablesorting(part5, tween5)
		task.wait(0.035000011920928956)

		if afterframe() then
			return
		end

		--9, 0.5666666626930237
		tween1 = ts:Create(part1, TweenInfo.new(0.11666667461395264, Enum.EasingStyle.Linear, Enum.EasingDirection.In, 0, false, 0), {C0 = CFrame.new(-0.11840941, 0.0298345387, 0.895846486, -0.988547742, -0.150906831, -0.000622230116, -0.0701010823, 0.455553234, 0.887445033, -0.133637935, 0.8773247, -0.460914999)}) tween1:Play() tablesorting(part1, tween1)
		tween6 = ts:Create(part6, TweenInfo.new(0.19999998807907104, Enum.EasingStyle.Linear, Enum.EasingDirection.In, 0, false, 0), {C0 = CFrame.new(3.76068056e-06, 1.00000048, -1.03935599e-06, -0.972301126, 0.20171155, 0.118081793, 0.0233391002, -0.418888688, 0.907737732, 0.23256433, 0.885350466, 0.402578145)}) tween6:Play() tablesorting(part6, tween6)
		tween4 = ts:Create(part4, TweenInfo.new(0.19999998807907104, Enum.EasingStyle.Linear, Enum.EasingDirection.In, 0, false, 0), {C0 = CFrame.new(0.982572794, 0.263840914, -0.0306871831, 0.0034840107, -0.0686458647, 0.997635067, 0.401477307, 0.913803458, 0.0614755452, -0.915862381, 0.400313973, 0.0307435542)}) tween4:Play() tablesorting(part4, tween4)
		task.wait(0.035000011920928956)

		if afterframe() then
			return
		end

		--10, 0.6166666746139526
		tween5 = ts:Create(part5, TweenInfo.new(0.06666666269302368, Enum.EasingStyle.Linear, Enum.EasingDirection.In, 0, false, 0), {C0 = CFrame.new(-0.982979476, -0.253326476, -0.0634198785, 0.0120529085, 0.234714672, -0.971989453, -0.551542819, 0.812375546, 0.189331979, 0.834059477, 0.533811808, 0.139246583)}) tween5:Play() tablesorting(part5, tween5)
		task.wait(0.05166666269302368)

		if afterframe() then
			return
		end

		--11, 0.6833333373069763
		tween1 = ts:Create(part1, TweenInfo.new(0.08333331346511841, Enum.EasingStyle.Linear, Enum.EasingDirection.In, 0, false, 0), {C0 = CFrame.new(-0.118412234, -0.720161915, 0.575849891, -0.957935333, -0.286984444, -1.99759379e-05, -0.221642405, 0.739783704, 0.635291815, -0.18230398, 0.608572483, -0.772273064)}) tween1:Play() tablesorting(part1, tween1)
		tween5 = ts:Create(part5, TweenInfo.new(0.18333333730697632, Enum.EasingStyle.Linear, Enum.EasingDirection.In, 0, false, 0), {C0 = CFrame.new(-1.07350683, -0.222191453, -0.132804036, 0.127944797, -0.120546788, -0.984427989, -0.919408083, 0.357798517, -0.163307846, 0.371913284, 0.925985575, -0.0650530979)}) tween5:Play() tablesorting(part5, tween5)
		tween2 = ts:Create(part2, TweenInfo.new(0.28333330154418945, Enum.EasingStyle.Linear, Enum.EasingDirection.In, 0, false, 0), {C0 = CFrame.new(1.02674294, 0.60584414, -0.802920699, -0.434095383, -0.300123841, 0.849404216, 0.797144532, 0.31127128, 0.517371178, -0.419669926, 0.901684999, 0.104121216)}) tween2:Play() tablesorting(part2, tween2)
		tween3 = ts:Create(part3, TweenInfo.new(0.18333333730697632, Enum.EasingStyle.Linear, Enum.EasingDirection.In, 0, false, 0), {C0 = CFrame.new(-1.15628958, 0.549609065, -0.448878765, -0.692426503, -0.161469519, -0.703187764, -0.705663204, 0.354580551, 0.613443434, 0.15028429, 0.920978189, -0.35946393)}) tween3:Play() tablesorting(part3, tween3)
		task.wait(0.06833331346511841)

		if afterframe() then
			return
		end

		--12, 0.7666666507720947
		tween1 = ts:Create(part1, TweenInfo.new(0.10000002384185791, Enum.EasingStyle.Linear, Enum.EasingDirection.In, 0, false, 0), {C0 = CFrame.new(-0.118411742, -0.935361683, 0.467852116, -0.99865365, -0.0518738367, 0.000179821742, -0.0439032651, 0.84704411, 0.529706895, -0.0276302397, 0.5289855, -0.848181546)}) tween1:Play() tablesorting(part1, tween1)
		tween6 = ts:Create(part6, TweenInfo.new(0.19999998807907104, Enum.EasingStyle.Linear, Enum.EasingDirection.In, 0, false, 0), {C0 = CFrame.new(3.80724669e-06, 1.0000006, -1.16229057e-06, -0.931177557, -0.200210422, -0.304671466, -0.350952417, 0.718530357, 0.60045588, 0.098698169, 0.666056037, -0.739343226)}) tween6:Play() tablesorting(part6, tween6)
		tween4 = ts:Create(part4, TweenInfo.new(0.19999998807907104, Enum.EasingStyle.Linear, Enum.EasingDirection.In, 0, false, 0), {C0 = CFrame.new(1.06603742, -0.159988701, 0.0325000286, 0.289969832, -0.200076967, 0.935888231, 0.738287926, 0.669016004, -0.0857221335, -0.608973265, 0.71581167, 0.341709435)}) tween4:Play() tablesorting(part4, tween4)
		task.wait(0.08500002384185791)

		if afterframe() then
			return
		end

		--13, 0.8666666746139526
		tween1 = ts:Create(part1, TweenInfo.new(0.09999996423721313, Enum.EasingStyle.Linear, Enum.EasingDirection.In, 0, false, 0), {C0 = CFrame.new(-0.118412882, -0.782483935, 0.315041304, -0.934081435, 0.339111924, -0.111781918, 0.249630183, 0.844052732, 0.474615574, 0.255297452, 0.415425211, -0.873067081)}) tween1:Play() tablesorting(part1, tween1)
		tween5 = ts:Create(part5, TweenInfo.new(0.09999996423721313, Enum.EasingStyle.Linear, Enum.EasingDirection.In, 0, false, 0), {C0 = CFrame.new(-0.929187059, -0.342789054, -0.478588939, 0.115848631, -0.354131401, -0.927992344, -0.916523755, 0.321989417, -0.237291232, 0.382835954, 0.878016949, -0.287267745)}) tween5:Play() tablesorting(part5, tween5)
		tween3 = ts:Create(part3, TweenInfo.new(0.13333332538604736, Enum.EasingStyle.Linear, Enum.EasingDirection.In, 0, false, 0), {C0 = CFrame.new(-1.08499873, 0.361193419, -0.0214084387, 0.0516862124, 0.466138661, -0.883200526, -0.40206632, 0.81925422, 0.408858985, 0.914150655, 0.333972991, 0.229762599)}) tween3:Play() tablesorting(part3, tween3)
		task.wait(0.08499996423721314)

		if afterframe() then
			return
		end

		--14, 0.9666666388511658
		tween1 = ts:Create(part1, TweenInfo.new(0.08333331346511841, Enum.EasingStyle.Linear, Enum.EasingDirection.In, 0, false, 0), {C0 = CFrame.new(-0.118411154, -0.552887619, 0.214031994, -0.897945225, 0.414349109, -0.148355871, 0.300565153, 0.823584437, 0.481009066, 0.321489096, 0.387328863, -0.864073098)}) tween1:Play() tablesorting(part1, tween1)
		tween6 = ts:Create(part6, TweenInfo.new(0.08333331346511841, Enum.EasingStyle.Linear, Enum.EasingDirection.In, 0, false, 0), {C0 = CFrame.new(3.74764204e-06, 1.0000006, -1.1920929e-06, -0.942180872, -0.334291428, -0.023342669, -0.28799811, 0.772154331, 0.566423416, -0.171326399, 0.540395975, -0.823783875)}) tween6:Play() tablesorting(part6, tween6)
		tween5 = ts:Create(part5, TweenInfo.new(0.08333331346511841, Enum.EasingStyle.Linear, Enum.EasingDirection.In, 0, false, 0), {C0 = CFrame.new(-0.828279972, -0.426796675, -0.709900558, 0.0689037591, -0.435083866, -0.897749662, -0.87144649, 0.411801577, -0.266459614, 0.485627204, 0.800700903, -0.350777477)}) tween5:Play() tablesorting(part5, tween5)
		tween2 = ts:Create(part2, TweenInfo.new(0.08333331346511841, Enum.EasingStyle.Linear, Enum.EasingDirection.In, 0, false, 0), {C0 = CFrame.new(0.723936141, 0.803032517, -1.02888775, -0.124047071, 0.104786962, 0.986728787, 0.982681274, -0.124995336, 0.136813059, 0.137673467, 0.986608863, -0.087466374)}) tween2:Play() tablesorting(part2, tween2)
		tween4 = ts:Create(part4, TweenInfo.new(0.18333333730697632, Enum.EasingStyle.Linear, Enum.EasingDirection.In, 0, false, 0), {C0 = CFrame.new(1.16182411, -0.714423656, -0.387416899, 0.33435446, -0.097847715, 0.937354386, 0.521724343, 0.847509384, -0.0976298451, -0.784863591, 0.521683395, 0.334418535)}) tween4:Play() tablesorting(part4, tween4)
		task.wait(0.01833336114883423)

		if afterframe() then
			return
		end

		--15, 1
		tween3 = ts:Create(part3, TweenInfo.new(0.10000002384185791, Enum.EasingStyle.Linear, Enum.EasingDirection.In, 0, false, 0), {C0 = CFrame.new(-1.02006173, 0.348554134, 0.0632981062, 0.401828587, 0.447956443, -0.798666894, -0.122631207, 0.890646935, 0.437847137, 0.907466471, -0.0779980198, 0.412820578)}) tween3:Play() tablesorting(part3, tween3)
		task.wait(0.03499995231628418)

		if afterframe() then
			return
		end

		--16, 1.0499999523162842
		tween1 = ts:Create(part1, TweenInfo.new(0.10000002384185791, Enum.EasingStyle.Linear, Enum.EasingDirection.In, 0, false, 0), {C0 = CFrame.new(-0.118412144, -0.335614592, 0.152211443, -0.907488942, 0.389953613, -0.156205326, 0.238252491, 0.784045875, 0.573156476, 0.345976353, 0.482916474, -0.80442071)}) tween1:Play() tablesorting(part1, tween1)
		tween6 = ts:Create(part6, TweenInfo.new(0.23333334922790527, Enum.EasingStyle.Linear, Enum.EasingDirection.In, 0, false, 0), {C0 = CFrame.new(3.87057662e-06, 0.999999881, -1.13248825e-06, -0.99785912, -0.0413489416, -0.0506742559, -0.056020841, 0.140503883, 0.988493919, -0.0337532498, 0.989216805, -0.142519265)}) tween6:Play() tablesorting(part6, tween6)
		tween5 = ts:Create(part5, TweenInfo.new(0.13333332538604736, Enum.EasingStyle.Linear, Enum.EasingDirection.In, 0, false, 0), {C0 = CFrame.new(-0.812462509, -0.366051316, -0.754535317, 0.00130756199, -0.350885272, -0.936417341, -0.752746105, 0.616108179, -0.231913105, 0.65830946, 0.705187976, -0.263321966)}) tween5:Play() tablesorting(part5, tween5)
		tween2 = ts:Create(part2, TweenInfo.new(0.10000002384185791, Enum.EasingStyle.Linear, Enum.EasingDirection.In, 0, false, 0), {C0 = CFrame.new(0.816277742, 0.337863475, -0.660795033, -0.128079966, 0.0998173282, 0.986728549, 0.986843228, -0.0861738771, 0.13681297, 0.0986880362, 0.991267562, -0.0874661803)}) tween2:Play() tablesorting(part2, tween2)
		task.wait(0.03500007152557373)

		if afterframe() then
			return
		end

		--17, 1.100000023841858
		tween3 = ts:Create(part3, TweenInfo.new(0.08333325386047363, Enum.EasingStyle.Linear, Enum.EasingDirection.In, 0, false, 0), {C0 = CFrame.new(-0.956390977, 0.445247591, -0.0626928806, 0.354101896, 0.420234501, -0.835472643, -0.0290153995, 0.89786303, 0.43931815, 0.934756637, -0.131321877, 0.330128074)}) tween3:Play() tablesorting(part3, tween3)
		task.wait(0.03499995231628418)

		if afterframe() then
			return
		end

		--18, 1.149999976158142
		tween1 = ts:Create(part1, TweenInfo.new(0.08333337306976318, Enum.EasingStyle.Linear, Enum.EasingDirection.In, 0, false, 0), {C0 = CFrame.new(-0.118411988, -0.295613229, 0.0622118339, -0.917114317, 0.385433555, -0.101697765, 0.245431453, 0.747009933, 0.617851138, 0.314109564, 0.541679919, -0.779691339)}) tween1:Play() tablesorting(part1, tween1)
		tween2 = ts:Create(part2, TweenInfo.new(0.16666674613952637, Enum.EasingStyle.Linear, Enum.EasingDirection.In, 0, false, 0), {C0 = CFrame.new(0.930224895, 0.326834768, -0.501334131, 0.0664158762, -0.132669494, 0.988932669, 0.927894652, 0.372638702, -0.0123255402, -0.366879404, 0.91844368, 0.147852451)}) tween2:Play() tablesorting(part2, tween2)
		tween4 = ts:Create(part4, TweenInfo.new(0.08333337306976318, Enum.EasingStyle.Linear, Enum.EasingDirection.In, 0, false, 0), {C0 = CFrame.new(1.1728251, -0.808936, -0.428434789, 0.35179317, -0.0987168923, 0.930857956, 0.406161577, 0.912035406, -0.0567772314, -0.843370736, 0.398052543, 0.36094296)}) tween4:Play() tablesorting(part4, tween4)
		task.wait(0.018333301544189454)

		if afterframe() then
			return
		end

		--19, 1.1833332777023315
		tween5 = ts:Create(part5, TweenInfo.new(0.05000007152557373, Enum.EasingStyle.Linear, Enum.EasingDirection.In, 0, false, 0), {C0 = CFrame.new(-0.793224871, -0.440096855, -0.766483784, 0.0112943798, -0.372248352, -0.928064227, -0.773773849, 0.584621191, -0.24390915, 0.633361042, 0.720866859, -0.281433195)}) tween5:Play() tablesorting(part5, tween5)
		tween3 = ts:Create(part3, TweenInfo.new(0.05000007152557373, Enum.EasingStyle.Linear, Enum.EasingDirection.In, 0, false, 0), {C0 = CFrame.new(-0.934427321, 0.468363434, -0.125413537, 0.24594155, 0.42659539, -0.870361328, -0.110965304, 0.904430568, 0.411937594, 0.962911963, -0.00473263301, 0.269774139)}) tween3:Play() tablesorting(part3, tween3)
		task.wait(0.03500007152557373)

		if afterframe() then
			return
		end

		--20, 1.2333333492279053
		tween1 = ts:Create(part1, TweenInfo.new(0.10000002384185791, Enum.EasingStyle.Linear, Enum.EasingDirection.In, 0, false, 0), {C0 = CFrame.new(-0.118414529, -0.391615242, 0.038211517, -0.957728028, 0.287584603, -0.007206982, 0.224232972, 0.761976898, 0.607545376, 0.18021217, 0.580247045, -0.794253111)}) tween1:Play() tablesorting(part1, tween1)
		tween5 = ts:Create(part5, TweenInfo.new(0.04999995231628418, Enum.EasingStyle.Linear, Enum.EasingDirection.In, 0, false, 0), {C0 = CFrame.new(-0.778023601, -0.552039385, -0.844772518, 0.0623808205, -0.388355553, -0.919396043, -0.849105716, 0.463481307, -0.253387272, 0.524527013, 0.796471059, -0.300842524)}) tween5:Play() tablesorting(part5, tween5)
		tween4 = ts:Create(part4, TweenInfo.new(0.10000002384185791, Enum.EasingStyle.Linear, Enum.EasingDirection.In, 0, false, 0), {C0 = CFrame.new(1.16647744, -0.741769493, -0.398843825, 0.356488675, -0.155114084, 0.921333671, 0.411229968, 0.911514103, -0.0056547001, -0.838931322, 0.380895644, 0.388732433)}) tween4:Play() tablesorting(part4, tween4)
		tween3 = ts:Create(part3, TweenInfo.new(0.04999995231628418, Enum.EasingStyle.Linear, Enum.EasingDirection.In, 0, false, 0), {C0 = CFrame.new(-0.912463486, 0.491479456, -0.188134164, 0.135818332, 0.418510079, -0.897999108, -0.194677159, 0.900001228, 0.389998794, 0.971418619, 0.121851042, 0.203710824)}) tween3:Play() tablesorting(part3, tween3)
		task.wait(0.03499995231628418)

		if afterframe() then
			return
		end

		--21, 1.2833333015441895
		tween6 = ts:Create(part6, TweenInfo.new(0.1499999761581421, Enum.EasingStyle.Linear, Enum.EasingDirection.In, 0, false, 0), {C0 = CFrame.new(3.85334715e-06, 1.00000036, -1.10268593e-06, -0.997772336, 0.0557635725, 0.0366225243, 0.0434570052, 0.126748055, 0.990982652, 0.0506189354, 0.990366578, -0.128888696)}) tween6:Play() tablesorting(part6, tween6)
		tween5 = ts:Create(part5, TweenInfo.new(0.05000007152557373, Enum.EasingStyle.Linear, Enum.EasingDirection.In, 0, false, 0), {C0 = CFrame.new(-0.778023958, -0.552039266, -0.84477222, 0.0623808205, -0.350693941, -0.934410453, -0.849105716, 0.473390192, -0.234353974, 0.524527013, 0.808032453, -0.268245757)}) tween5:Play() tablesorting(part5, tween5)
		tween3 = ts:Create(part3, TweenInfo.new(0.10000002384185791, Enum.EasingStyle.Linear, Enum.EasingDirection.In, 0, false, 0), {C0 = CFrame.new(-0.901012957, 0.467910796, -0.287827224, -0.218971431, 0.284295887, -0.933395386, -0.601333857, 0.714029789, 0.358551681, 0.768406868, 0.639795125, 0.0146045834)}) tween3:Play() tablesorting(part3, tween3)
		task.wait(0.018333420753479004)

		if afterframe() then
			return
		end

		--22, 1.3166667222976685
		tween2 = ts:Create(part2, TweenInfo.new(0.16666662693023682, Enum.EasingStyle.Linear, Enum.EasingDirection.In, 0, false, 0), {C0 = CFrame.new(0.967903793, 0.385120928, -0.230934799, 0.0776269287, -0.131690592, 0.988246799, 0.675314605, 0.736152589, 0.0450512767, -0.733433247, 0.663880169, 0.146077842)}) tween2:Play() tablesorting(part2, tween2)
		task.wait()

		if afterframe() then
			return
		end

		--23, 1.3333333730697632
		tween1 = ts:Create(part1, TweenInfo.new(0.09999990463256836, Enum.EasingStyle.Linear, Enum.EasingDirection.In, 0, false, 0), {C0 = CFrame.new(-0.118413709, -0.572282851, 0.0388783477, -0.993790925, 0.106631055, 0.0317738391, 0.104841843, 0.801811874, 0.588308334, 0.0372552946, 0.58798635, -0.808013082)}) tween1:Play() tablesorting(part1, tween1)
		tween5 = ts:Create(part5, TweenInfo.new(0.09999990463256836, Enum.EasingStyle.Linear, Enum.EasingDirection.In, 0, false, 0), {C0 = CFrame.new(-0.815766335, -0.340250611, -0.556126177, 0.0621729344, -0.166413292, -0.984094262, -0.848825097, 0.509844065, -0.139842853, 0.525005937, 0.844018936, -0.109557122)}) tween5:Play() tablesorting(part5, tween5)
		tween4 = ts:Create(part4, TweenInfo.new(0.09999990463256836, Enum.EasingStyle.Linear, Enum.EasingDirection.In, 0, false, 0), {C0 = CFrame.new(1.15014911, -0.648560345, -0.377988636, 0.338139445, -0.0829050988, 0.937437117, 0.497525334, 0.861277699, -0.103290774, -0.798830628, 0.501325309, 0.332479417)}) tween4:Play() tablesorting(part4, tween4)
		task.wait(0.03499995231628418)

		if afterframe() then
			return
		end

		--24, 1.3833333253860474
		tween3 = ts:Create(part3, TweenInfo.new(0.10000002384185791, Enum.EasingStyle.Linear, Enum.EasingDirection.In, 0, false, 0), {C0 = CFrame.new(-0.776256502, 0.0995871723, -0.807714224, -0.432483852, 0.482152849, -0.761896491, -0.789394557, 0.205832973, 0.578350663, 0.435676873, 0.851564646, 0.29158935)}) tween3:Play() tablesorting(part3, tween3)
		task.wait(0.03499995231628418)

		if afterframe() then
			return
		end

		--25, 1.4333332777023315
		tween1 = ts:Create(part1, TweenInfo.new(0.15000009536743164, Enum.EasingStyle.Linear, Enum.EasingDirection.In, 0, false, 0), {C0 = CFrame.new(-0.118411772, -0.63894999, 0.0755424649, -0.994327962, -0.0496706925, 0.0940461755, 0.0122518074, 0.824868619, 0.565192223, -0.105649173, 0.563138247, -0.819581926)}) tween1:Play() tablesorting(part1, tween1)
		tween6 = ts:Create(part6, TweenInfo.new(0.21666669845581055, Enum.EasingStyle.Linear, Enum.EasingDirection.In, 0, false, 0), {C0 = CFrame.new(3.90224159e-06, 1.00000072, -1.37090683e-06, -0.972235143, 0.205981717, 0.111044377, 0.188369483, 0.407347888, 0.893635988, 0.138839021, 0.88974154, -0.434838235)}) tween6:Play() tablesorting(part6, tween6)
		tween5 = ts:Create(part5, TweenInfo.new(0.15000009536743164, Enum.EasingStyle.Linear, Enum.EasingDirection.In, 0, false, 0), {C0 = CFrame.new(-0.814005852, -0.208151162, -0.413847506, 0.0617598742, 0.0154992901, -0.997971058, -0.856166482, 0.514738679, -0.0449897647, 0.512996554, 0.857208312, 0.0450603589)}) tween5:Play() tablesorting(part5, tween5)
		tween4 = ts:Create(part4, TweenInfo.new(0.15000009536743164, Enum.EasingStyle.Linear, Enum.EasingDirection.In, 0, false, 0), {C0 = CFrame.new(1.12737453, -0.564679265, -0.388761103, 0.319518626, -0.0245675333, 0.947261393, 0.575732708, 0.799022794, -0.17347616, -0.752621889, 0.60079807, 0.269447058)}) tween4:Play() tablesorting(part4, tween4)
		task.wait(0.03500007152557373)

		if afterframe() then
			return
		end

		--26, 1.4833333492279053
		tween2 = ts:Create(part2, TweenInfo.new(0.25, Enum.EasingStyle.Linear, Enum.EasingDirection.In, 0, false, 0), {C0 = CFrame.new(0.957861006, 0.395219773, -0.103425205, 0.00813509524, -0.125406995, 0.992071986, 0.430212975, 0.896032274, 0.109738953, -0.902690709, 0.42590946, 0.0612410456)}) tween2:Play() tablesorting(part2, tween2)
		tween3 = ts:Create(part3, TweenInfo.new(0.18333327770233154, Enum.EasingStyle.Linear, Enum.EasingDirection.In, 0, false, 0), {C0 = CFrame.new(-0.622155905, 0.341951251, -0.459113777, -0.573187351, -0.12549679, -0.809757113, -0.795011759, 0.324586958, 0.512444973, 0.198526412, 0.937493801, -0.285820395)}) tween3:Play() tablesorting(part3, tween3)
		task.wait(0.08500002384185791)

		if afterframe() then
			return
		end

		--27, 1.5833333730697632
		tween1 = ts:Create(part1, TweenInfo.new(0.13333332538604736, Enum.EasingStyle.Linear, Enum.EasingDirection.In, 0, false, 0), {C0 = CFrame.new(-0.118413761, -0.551800311, 0.0798223615, -0.989330351, -0.118860319, 0.0842484608, -0.0462630689, 0.80464536, 0.591951191, -0.138149545, 0.581737399, -0.801559448)}) tween1:Play() tablesorting(part1, tween1)
		tween5 = ts:Create(part5, TweenInfo.new(0.13333332538604736, Enum.EasingStyle.Linear, Enum.EasingDirection.In, 0, false, 0), {C0 = CFrame.new(-0.799816251, -0.196392536, -0.410939574, 0.0637050271, 0.0598220676, -0.996174514, -0.817702532, 0.575368464, -0.017739743, 0.572105825, 0.815705001, 0.0855706856)}) tween5:Play() tablesorting(part5, tween5)
		tween4 = ts:Create(part4, TweenInfo.new(0.13333332538604736, Enum.EasingStyle.Linear, Enum.EasingDirection.In, 0, false, 0), {C0 = CFrame.new(1.10388041, -0.384470999, -0.318900704, 0.293556571, -0.0976476595, 0.950941563, 0.713235259, 0.684715867, -0.149865955, -0.636490524, 0.722238898, 0.270649046)}) tween4:Play() tablesorting(part4, tween4)
		task.wait(0.05166660308837891)

		if afterframe() then
			return
		end

		--28, 1.649999976158142
		tween6 = ts:Create(part6, TweenInfo.new(0.11666667461395264, Enum.EasingStyle.Linear, Enum.EasingDirection.In, 0, false, 0), {C0 = CFrame.new(3.87057662e-06, 1.00000048, -1.07288361e-06, -0.968483806, 0.247793764, 0.0252600089, 0.185610771, 0.650357068, 0.736603618, 0.16609779, 0.718077064, -0.675853014)}) tween6:Play() tablesorting(part6, tween6)
		task.wait()

		if afterframe() then
			return
		end

		--29, 1.6666666269302368
		tween3 = ts:Create(part3, TweenInfo.new(0.16666674613952637, Enum.EasingStyle.Linear, Enum.EasingDirection.In, 0, false, 0), {C0 = CFrame.new(-0.83970511, 0.294241399, -0.394252896, -0.570124269, -0.469940156, -0.67388016, -0.818388462, 0.396845192, 0.415636986, 0.072101742, 0.78846091, -0.610844374)}) tween3:Play() tablesorting(part3, tween3)
		task.wait(0.03500007152557373)

		if afterframe() then
			return
		end

		--30, 1.7166666984558105
		tween1 = ts:Create(part1, TweenInfo.new(0.16666662693023682, Enum.EasingStyle.Linear, Enum.EasingDirection.In, 0, false, 0), {C0 = CFrame.new(-0.118413858, -0.474950641, 0.085710831, -0.985603154, -0.13926056, 0.0958806127, -0.0489347912, 0.777771235, 0.626640141, -0.161839351, 0.612926185, -0.773388863)}) tween1:Play() tablesorting(part1, tween1)
		tween5 = ts:Create(part5, TweenInfo.new(0.16666662693023682, Enum.EasingStyle.Linear, Enum.EasingDirection.In, 0, false, 0), {C0 = CFrame.new(-0.807345271, -0.237859309, -0.466832042, 0.0659493953, 0.107553132, -0.992009938, -0.805592299, 0.592375159, 0.010668844, 0.588789165, 0.798452437, 0.125710934)}) tween5:Play() tablesorting(part5, tween5)
		tween4 = ts:Create(part4, TweenInfo.new(0.16666662693023682, Enum.EasingStyle.Linear, Enum.EasingDirection.In, 0, false, 0), {C0 = CFrame.new(1.10597181, -0.422798157, -0.36501658, 0.286325872, -0.0348614529, 0.957498014, 0.743208766, 0.638783813, -0.19898814, -0.604696929, 0.768596053, 0.208810166)}) tween4:Play() tablesorting(part4, tween4)
		task.wait()

		if afterframe() then
			return
		end

		--31, 1.7333333492279053
		tween2 = ts:Create(part2, TweenInfo.new(0.16666662693023682, Enum.EasingStyle.Linear, Enum.EasingDirection.In, 0, false, 0), {C0 = CFrame.new(0.925955415, 0.384541094, -0.168578714, -0.0740038604, -0.140800461, 0.987268269, 0.356922448, 0.920665205, 0.15805608, -0.931198061, 0.364074767, -0.0178779066)}) tween2:Play() tablesorting(part2, tween2)
		task.wait(0.018333301544189454)

		if afterframe() then
			return
		end

		--32, 1.7666666507720947
		tween6 = ts:Create(part6, TweenInfo.new(0.03333330154418945, Enum.EasingStyle.Linear, Enum.EasingDirection.In, 0, false, 0), {C0 = CFrame.new(-0.000949654728, 0.987814665, -0.0158320069, -0.969146192, 0.246375784, 0.00745892525, 0.175147206, 0.667037725, 0.72414434, 0.173436299, 0.703107834, -0.689608335)}) tween6:Play() tablesorting(part6, tween6)
		task.wait(0.018333301544189454)

		if afterframe() then
			return
		end

		--33, 1.7999999523162842
