function animation(character)
	local canceldb = false
	local root = character:FindFirstChild("HumanoidRootPart", true)
	local part1 = character["HumanoidRootPart"]["RootJoint"]	
	local part2 = character["Torso"]["Right Shoulder"]
	local part3 = character["Torso"]["Left Shoulder"]
	local part4 = character["Torso"]["Right Hip"]
	local part5 = character["Torso"]["Left Hip"]
	local part6 = character["Torso"]["Neck"]
	local val = 2 --Action
	local tweens = {}
	local function tablesorting(part, tween)
		for i, v in pairs(tweens) do
			if v.Instance == part then
				table.remove(tweens, table.find(tweens, v))
			end
		end
		table.insert(tweens, tween)
	end
	local ts = game:GetService("TweenService")
	local tween1, tween2, tween3, tween4, tween5, tween6

	local priority = root:FindFirstChild("priority")
	if not priority then
		priority = Instance.new("NumberValue", root)
		priority.Name = "priority"
	end

	local anims = root:FindFirstChild("anims")
	if not anims then
		anims = Instance.new("Folder", root)
		anims.Name = "anims"
	end
	local animvalue = anims:FindFirstChild("Imported Animation Clip")
	if not animvalue then
		animvalue = Instance.new("BoolValue", anims)
		animvalue.Value = true
		animvalue.Name = "Imported Animation Clip"
	end
	animvalue.Value = true

	local function afterframe()
		if canceldb or not character or not part1 then
			return true
		else
			return false
		end
	end

	if afterframe() then
		animvalue.Value = false
		return false
	end
	priority.Value = val
	local connect
	local connect2
	connect = priority.Changed:Connect(function()
		if priority.Value > val then
			for i, v in pairs(tweens) do
				if v and v.PlaybackState == Enum.PlaybackState.Playing then
					v:Cancel()
				end
			end
			canceldb = true
			connect2:Disconnect()
			connect:Disconnect()
		else
			priority.Value = val
		end
	end)
	connect2 = animvalue.Changed:Connect(function()
		if not animvalue.Value then
			for i, v in pairs(tweens) do
				if v and v.PlaybackState == Enum.PlaybackState.Playing then
					v:Cancel()
				end
			end
			canceldb = true
			connect:Disconnect()
			if priority.Value <= val then
				priority.Value = 0
			end
			connect2:Disconnect()
		--smooth transition
		tween1 = ts:Create(part1, TweenInfo.new(0.5), {C0 = CFrame.new(0, 0, 0, -1, -0, -0, 0, 0, 1, 0, 1, 0)}) tween1:Play() tablesorting(part1, tween1)
		tween2 = ts:Create(part2, TweenInfo.new(0.5), {C0 = CFrame.new(1, 0.5, 0, 0, 0, 1, 0, 1, 0, -1, -0, -0)}) tween2:Play() tablesorting(part2, tween2)
		tween3 = ts:Create(part3, TweenInfo.new(0.5), {C0 = CFrame.new(-1, 0.5, 0, -0, -0, -1, 0, 1, 0, 1, 0, 0)}) tween3:Play() tablesorting(part3, tween3)
		tween4 = ts:Create(part4, TweenInfo.new(0.5), {C0 = CFrame.new(1, -1, 0, 0, 0, 1, 0, 1, 0, -1, -0, -0)}) tween4:Play() tablesorting(part4, tween4)
		tween5 = ts:Create(part5, TweenInfo.new(0.5), {C0 = CFrame.new(-1, -1, 0, -0, -0, -1, 0, 1, 0, 1, 0, 0)}) tween5:Play() tablesorting(part5, tween5)
		tween6 = ts:Create(part6, TweenInfo.new(0.5), {C0 = CFrame.new(0, 1, 0, -1, -0, -0, 0, 0, 1, 0, 1, 0)}) tween6:Play() tablesorting(part6, tween6)
		end
	end)
	if true then
		--1, 0
		tween1 = ts:Create(part1, TweenInfo.new(0.06666667014360428, Enum.EasingStyle.Linear, Enum.EasingDirection.In, 0, false, 0), {C0 = CFrame.new(-0.0279819481, -0.292460144, -2.00793147e-05, -0.997069359, -0.0764652491, -0.00239571463, -0.0204514042, 0.236239135, 0.971479714, -0.0737184733, 0.968681633, -0.237110615)}) tween1:Play() tablesorting(part1, tween1)
		tween6 = ts:Create(part6, TweenInfo.new(0.18333333730697632, Enum.EasingStyle.Linear, Enum.EasingDirection.In, 0, false, 0), {C0 = CFrame.new(3.7252903e-09, 1, 1.49011612e-08, -0.976972342, 0.176111922, -0.12045607, -0.0637502074, 0.297826976, 0.95248884, 0.203619719, 0.938234389, -0.279741526)}) tween6:Play() tablesorting(part6, tween6)
		tween5 = ts:Create(part5, TweenInfo.new(0.06666667014360428, Enum.EasingStyle.Linear, Enum.EasingDirection.In, 0, false, 0), {C0 = CFrame.new(-0.991022587, -0.81332016, 0.0264128745, 0.0141664445, 0.0446297564, -0.998903155, -0.327332735, 0.944163084, 0.0375418067, 0.944802999, 0.326441884, 0.0279842149)}) tween5:Play() tablesorting(part5, tween5)
		tween2 = ts:Create(part2, TweenInfo.new(0.28333333134651184, Enum.EasingStyle.Linear, Enum.EasingDirection.In, 0, false, 0), {C0 = CFrame.new(0.994423985, 0.372225314, -0.03534659, 0.271972775, -0.074682951, 0.959401906, -0.0117515475, 0.996650875, 0.0809137747, -0.962232769, -0.0332803503, 0.270184964)}) tween2:Play() tablesorting(part2, tween2)
		tween4 = ts:Create(part4, TweenInfo.new(0.06666667014360428, Enum.EasingStyle.Linear, Enum.EasingDirection.In, 0, false, 0), {C0 = CFrame.new(0.942851603, -0.827434182, -0.295714229, -0.0756034255, -0.120790698, 0.989794731, 0.158287793, 0.978595316, 0.131514445, -0.984494328, 0.166615382, -0.0548654646)}) tween4:Play() tablesorting(part4, tween4)
		tween3 = ts:Create(part3, TweenInfo.new(0.11666666716337204, Enum.EasingStyle.Linear, Enum.EasingDirection.In, 0, false, 0), {C0 = CFrame.new(-0.999999881, 0.500000119, 1.49011612e-08, -0.14837566, -0.0135680493, -0.988837957, -0.111432798, 0.993767142, 0.0030848668, 0.982632875, 0.11064671, -0.148962781)}) tween3:Play() tablesorting(part3, tween3)
		task.wait(0.05166667014360428)

		if afterframe() then
			return
		end

		--2, 0.06666667014360428
		tween1 = ts:Create(part1, TweenInfo.new(0.04999999701976776, Enum.EasingStyle.Linear, Enum.EasingDirection.In, 0, false, 0), {C0 = CFrame.new(-0.0489806756, -0.214653447, 0.0425309315, -0.998100519, -0.00964227039, -0.0608475767, -0.0615779199, 0.186393395, 0.980543554, 0.00188691937, 0.982427895, -0.186633095)}) tween1:Play() tablesorting(part1, tween1)
		tween5 = ts:Create(part5, TweenInfo.new(0.04999999701976776, Enum.EasingStyle.Linear, Enum.EasingDirection.In, 0, false, 0), {C0 = CFrame.new(-0.994902611, -0.897834122, -0.0314058661, 0.0330876671, 0.094379209, -0.994986355, -0.281784773, 0.956025839, 0.0813130513, 0.958906949, 0.277681559, 0.0582272932)}) tween5:Play() tablesorting(part5, tween5)
		tween4 = ts:Create(part4, TweenInfo.new(0.04999999701976776, Enum.EasingStyle.Linear, Enum.EasingDirection.In, 0, false, 0), {C0 = CFrame.new(0.951017141, -0.88250035, -0.243813902, -0.0436713137, -0.00328883622, 0.999040484, 0.0868199691, 0.996198773, 0.00707466528, -0.995266378, 0.0870456323, -0.0432197787)}) tween4:Play() tablesorting(part4, tween4)
		task.wait(0.03499999701976776)

		if afterframe() then
			return
		end

		--3, 0.11666666716337204
		tween1 = ts:Create(part1, TweenInfo.new(0.06666667014360428, Enum.EasingStyle.Linear, Enum.EasingDirection.In, 0, false, 0), {C0 = CFrame.new(-0.0490005687, -0.137639865, 0.0992853418, -0.99456495, -0.00372181507, -0.104050897, -0.103472441, 0.146398038, 0.983799279, 0.0115712993, 0.989218831, -0.145987436)}) tween1:Play() tablesorting(part1, tween1)
		tween5 = ts:Create(part5, TweenInfo.new(0.06666667014360428, Enum.EasingStyle.Linear, Enum.EasingDirection.In, 0, false, 0), {C0 = CFrame.new(-0.991989851, -0.839453757, -0.0493519902, 0.065941602, 0.186673433, -0.98020649, -0.19820793, 0.965219319, 0.170485184, 0.977939248, 0.183042616, 0.100648269)}) tween5:Play() tablesorting(part5, tween5)
		tween4 = ts:Create(part4, TweenInfo.new(0.06666667014360428, Enum.EasingStyle.Linear, Enum.EasingDirection.In, 0, false, 0), {C0 = CFrame.new(0.961926222, -0.972180843, -0.176755369, -0.00207090704, 0.0532812476, 0.998577356, 0.106526069, 0.992909253, -0.052757889, -0.994307756, 0.106265262, -0.007732064)}) tween4:Play() tablesorting(part4, tween4)
		tween3 = ts:Create(part3, TweenInfo.new(0.29999998956918716, Enum.EasingStyle.Linear, Enum.EasingDirection.In, 0, false, 0), {C0 = CFrame.new(-0.926191211, 0.497799605, 0.00617624819, 0.336716741, 0.0469003245, -0.940437317, 0.0385352261, 0.997235954, 0.0635301471, 0.940817118, -0.0576316528, 0.333978593)}) tween3:Play() tablesorting(part3, tween3)
		task.wait(0.05166667014360428)

		if afterframe() then
			return
		end

		--4, 0.18333333730697632
		tween1 = ts:Create(part1, TweenInfo.new(0.03333333134651184, Enum.EasingStyle.Linear, Enum.EasingDirection.In, 0, false, 0), {C0 = CFrame.new(-0.037441887, -0.137643859, 0.210173428, -0.992890179, 0.0804904699, -0.0876948088, -0.090605706, -0.0332474858, 0.995331824, 0.0771990642, 0.9962008, 0.0403040648)}) tween1:Play() tablesorting(part1, tween1)
		tween6 = ts:Create(part6, TweenInfo.new(0.09999999403953552, Enum.EasingStyle.Linear, Enum.EasingDirection.In, 0, false, 0), {C0 = CFrame.new(5.36441803e-07, 0.999999285, -3.04626301e-05, -0.990236759, -0.016660355, -0.138396353, -0.138720244, 0.0201670155, 0.990126193, -0.0137048475, 0.999657691, -0.0222811624)}) tween6:Play() tablesorting(part6, tween6)
		tween5 = ts:Create(part5, TweenInfo.new(0.03333333134651184, Enum.EasingStyle.Linear, Enum.EasingDirection.In, 0, false, 0), {C0 = CFrame.new(-0.994466066, -0.846020401, -0.0665583536, 0.0983800367, 0.12566258, -0.987182975, -0.0107184574, 0.992071509, 0.125216708, 0.99509114, -0.00173774362, 0.0989469439)}) tween5:Play() tablesorting(part5, tween5)
		tween4 = ts:Create(part4, TweenInfo.new(0.03333333134651184, Enum.EasingStyle.Linear, Enum.EasingDirection.In, 0, false, 0), {C0 = CFrame.new(0.971211195, -0.963568807, -0.138138309, 0.00618514325, 0.0380067565, 0.999258339, -0.118543684, 0.992258966, -0.0370067842, -0.992929518, -0.118226878, 0.010642726)}) tween4:Play() tablesorting(part4, tween4)
		task.wait(0.01833333134651184)

		if afterframe() then
			return
		end

		--5, 0.21666666865348816
		tween1 = ts:Create(part1, TweenInfo.new(0.06666666269302368, Enum.EasingStyle.Linear, Enum.EasingDirection.In, 0, false, 0), {C0 = CFrame.new(-0.0285766944, -0.13764064, 0.237438574, -0.994250059, 0.0840040594, -0.0664086416, -0.0736462176, -0.0862149149, 0.993550777, 0.0777368769, 0.99272871, 0.0919057876)}) tween1:Play() tablesorting(part1, tween1)
		tween5 = ts:Create(part5, TweenInfo.new(0.06666666269302368, Enum.EasingStyle.Linear, Enum.EasingDirection.In, 0, false, 0), {C0 = CFrame.new(-1.00184548, -0.878315687, -0.10093756, 0.131786957, 0.0980551094, -0.986416399, 0.0739675984, 0.991348743, 0.108427614, 0.988514483, -0.0872521475, 0.123393893)}) tween5:Play() tablesorting(part5, tween5)
		tween4 = ts:Create(part4, TweenInfo.new(0.06666666269302368, Enum.EasingStyle.Linear, Enum.EasingDirection.In, 0, false, 0), {C0 = CFrame.new(0.989780843, -0.94634521, -0.0609041303, 0.0528551564, 0.0450064354, 0.997587502, -0.154499426, 0.987323523, -0.0363576487, -0.986578286, -0.15220511, 0.0591388009)}) tween4:Play() tablesorting(part4, tween4)
		task.wait(0.035000011920928956)

		if afterframe() then
			return
		end

		--6, 0.2666666805744171
		--7, 0.28333333134651184
		tween1 = ts:Create(part1, TweenInfo.new(0.13333332538604736, Enum.EasingStyle.Linear, Enum.EasingDirection.In, 0, false, 0), {C0 = CFrame.new(-0.030411046, -0.137632325, 0.250867069, -0.99608773, 0.0832350105, -0.0296860784, -0.0382821411, -0.103659362, 0.99387598, 0.0796480253, 0.991123974, 0.106440216)}) tween1:Play() tablesorting(part1, tween1)
		tween6 = ts:Create(part6, TweenInfo.new(0.13333332538604736, Enum.EasingStyle.Linear, Enum.EasingDirection.In, 0, false, 0), {C0 = CFrame.new(-4.89503145e-06, 0.999992371, -3.34531069e-05, -0.990576804, -0.0206515901, -0.135395691, -0.127021894, -0.231207192, 0.964578032, -0.0512245148, 0.972685516, 0.226405069)}) tween6:Play() tablesorting(part6, tween6)
		tween5 = ts:Create(part5, TweenInfo.new(0.13333332538604736, Enum.EasingStyle.Linear, Enum.EasingDirection.In, 0, false, 0), {C0 = CFrame.new(-1.00242639, -0.884188652, -0.100420602, 0.137536079, 0.0785493851, -0.987377226, 0.140315264, 0.98525244, 0.0979254693, 0.980507791, -0.152012393, 0.124486081)}) tween5:Play() tablesorting(part5, tween5)
		tween2 = ts:Create(part2, TweenInfo.new(0.5833333432674408, Enum.EasingStyle.Linear, Enum.EasingDirection.In, 0, false, 0), {C0 = CFrame.new(0.996155381, 0.420873225, -0.0349195898, 0.383554816, -0.0547108725, 0.921895504, -0.0375915989, 0.996491134, 0.074777633, -0.92275244, -0.0633363649, 0.380152822)}) tween2:Play() tablesorting(part2, tween2)
		tween4 = ts:Create(part4, TweenInfo.new(0.13333332538604736, Enum.EasingStyle.Linear, Enum.EasingDirection.In, 0, false, 0), {C0 = CFrame.new(0.989780843, -0.946345687, -0.060904067, 0.0890946314, 0.0217637923, 0.995785356, -0.105554111, 0.994337618, -0.0122880451, -0.990414202, -0.104014449, 0.090887405)}) tween4:Play() tablesorting(part4, tween4)
		task.wait(0.11833332538604736)

		if afterframe() then
			return
		end

		--8, 0.4166666567325592
		tween1 = ts:Create(part1, TweenInfo.new(0.1833333671092987, Enum.EasingStyle.Linear, Enum.EasingDirection.In, 0, false, 0), {C0 = CFrame.new(-0.0427919365, -0.137650862, 0.240786016, -0.996288538, 0.0825936347, -0.0242389478, -0.0292959698, -0.0605764687, 0.997733533, 0.0809381455, 0.994740486, 0.0627713129)}) tween1:Play() tablesorting(part1, tween1)
		tween6 = ts:Create(part6, TweenInfo.new(0.1833333671092987, Enum.EasingStyle.Linear, Enum.EasingDirection.In, 0, false, 0), {C0 = CFrame.new(6.66826963e-06, 1.00000811, 1.89244747e-06, -0.993590832, -0.0204936378, -0.111165226, -0.104588114, -0.206415057, 0.972858667, -0.042883534, 0.978249609, 0.202948764)}) tween6:Play() tablesorting(part6, tween6)
		tween5 = ts:Create(part5, TweenInfo.new(0.1833333671092987, Enum.EasingStyle.Linear, Enum.EasingDirection.In, 0, false, 0), {C0 = CFrame.new(-1.00231647, -0.876731455, -0.102106221, 0.135737091, 0.0612284318, -0.98885113, 0.117690958, 0.990025043, 0.0774562508, 0.98372978, -0.126892522, 0.12717706)}) tween5:Play() tablesorting(part5, tween5)
		tween4 = ts:Create(part4, TweenInfo.new(0.1833333671092987, Enum.EasingStyle.Linear, Enum.EasingDirection.In, 0, false, 0), {C0 = CFrame.new(0.989863157, -0.9358356, -0.0621188134, 0.137143388, 0.00235800399, 0.990548372, -0.075320445, 0.997126818, 0.00805459917, -0.987683356, -0.0757131875, 0.136926979)}) tween4:Play() tablesorting(part4, tween4)
		tween3 = ts:Create(part3, TweenInfo.new(1.4000000655651093, Enum.EasingStyle.Linear, Enum.EasingDirection.In, 0, false, 0), {C0 = CFrame.new(-0.944978833, 0.498359948, 0.00460411608, 0.303002864, 0.0681647509, -0.950548649, 0.0204264186, 0.996744931, 0.077988781, 0.95277065, -0.0430471338, 0.300624251)}) tween3:Play() tablesorting(part3, tween3)
		task.wait(0.1683333671092987)

		if afterframe() then
			return
		end

		--9, 0.6000000238418579
		tween1 = ts:Create(part1, TweenInfo.new(0.16666662693023682, Enum.EasingStyle.Linear, Enum.EasingDirection.In, 0, false, 0), {C0 = CFrame.new(-0.0568477735, -0.137654006, 0.241294459, -0.996209323, 0.0820609108, -0.0288611054, -0.0299115852, -0.0116005875, 0.999485195, 0.0816838667, 0.996559799, 0.0140111893)}) tween1:Play() tablesorting(part1, tween1)
		tween6 = ts:Create(part6, TweenInfo.new(0.16666662693023682, Enum.EasingStyle.Linear, Enum.EasingDirection.In, 0, false, 0), {C0 = CFrame.new(1.29640102e-06, 1.0000062, -2.9809773e-05, -0.993643343, -0.042803362, -0.104119197, -0.0931341723, -0.20698455, 0.973901033, -0.0632372797, 0.977407455, 0.201682404)}) tween6:Play() tablesorting(part6, tween6)
		tween5 = ts:Create(part5, TweenInfo.new(0.16666662693023682, Enum.EasingStyle.Linear, Enum.EasingDirection.In, 0, false, 0), {C0 = CFrame.new(-1.00361025, -0.893780172, -0.0999623835, 0.131901219, 0.047298409, -0.990133822, 0.0633674711, 0.996415675, 0.05604003, 0.989235282, -0.0701340288, 0.128431261)}) tween5:Play() tablesorting(part5, tween5)
		tween4 = ts:Create(part4, TweenInfo.new(0.16666662693023682, Enum.EasingStyle.Linear, Enum.EasingDirection.In, 0, false, 0), {C0 = CFrame.new(0.98981154, -0.942404449, -0.0613596067, 0.180596903, 0.00370666292, 0.983550191, -0.0422645211, 0.99909842, 0.0039952416, -0.982648671, -0.0422908068, 0.180590764)}) tween4:Play() tablesorting(part4, tween4)
		task.wait(0.1516666269302368)

		if afterframe() then
			return
		end

		--10, 0.7666666507720947
		tween1 = ts:Create(part1, TweenInfo.new(0.10000002384185791, Enum.EasingStyle.Linear, Enum.EasingDirection.In, 0, false, 0), {C0 = CFrame.new(-0.0678379685, -0.137652576, 0.245246559, -0.995958805, 0.0822337642, -0.0361064449, -0.0357153676, 0.00622215122, 0.99934268, 0.0824043602, 0.996593654, -0.00325999409)}) tween1:Play() tablesorting(part1, tween1)
		tween6 = ts:Create(part6, TweenInfo.new(0.21666669845581055, Enum.EasingStyle.Linear, Enum.EasingDirection.In, 0, false, 0), {C0 = CFrame.new(-3.12924385e-06, 1.00000072, -0.000104799867, -0.993513346, -0.0736039281, -0.0866818279, -0.0759890527, -0.137369156, 0.987600863, -0.0845987052, 0.987781465, 0.130885005)}) tween6:Play() tablesorting(part6, tween6)
		tween5 = ts:Create(part5, TweenInfo.new(0.10000002384185791, Enum.EasingStyle.Linear, Enum.EasingDirection.In, 0, false, 0), {C0 = CFrame.new(-1.00438666, -0.904008985, -0.0986761004, 0.129221663, 0.0582709946, -0.989902139, 0.027691666, 0.997670472, 0.0623431616, 0.991228878, -0.0354680717, 0.127306968)}) tween5:Play() tablesorting(part5, tween5)
		tween4 = ts:Create(part4, TweenInfo.new(0.10000002384185791, Enum.EasingStyle.Linear, Enum.EasingDirection.In, 0, false, 0), {C0 = CFrame.new(0.989780545, -0.946345985, -0.060904175, 0.206444725, 0.00420927443, 0.978449285, -0.0219355002, 0.999759316, 0.000327143818, -0.978212595, -0.0215303823, 0.206487581)}) tween4:Play() tablesorting(part4, tween4)
		task.wait(0.08500002384185791)

		if afterframe() then
			return
		end

		--11, 0.8666666746139526
		tween1 = ts:Create(part1, TweenInfo.new(0.11666667461395264, Enum.EasingStyle.Linear, Enum.EasingDirection.In, 0, false, 0), {C0 = CFrame.new(-0.0758446753, -0.137652829, 0.250121742, -0.995639205, 0.082595624, -0.0433658175, -0.0427166112, 0.00961184222, 0.999041021, 0.0829332396, 0.996536791, -0.00604172144)}) tween1:Play() tablesorting(part1, tween1)
		tween5 = ts:Create(part5, TweenInfo.new(0.11666667461395264, Enum.EasingStyle.Linear, Enum.EasingDirection.In, 0, false, 0), {C0 = CFrame.new(-1.00438666, -0.904009163, -0.0986760333, 0.128680617, 0.0594562627, -0.989902139, 0.0185204819, 0.997882843, 0.0623431616, 0.991512954, -0.0263557676, 0.127306968)}) tween5:Play() tablesorting(part5, tween5)
		tween2 = ts:Create(part2, TweenInfo.new(0.3999999761581421, Enum.EasingStyle.Linear, Enum.EasingDirection.In, 0, false, 0), {C0 = CFrame.new(0.996142328, 0.420873761, -0.0349135101, 0.338293016, -0.00429211929, 0.941031039, -0.0397894122, 0.999030054, 0.018860627, -0.940199256, -0.0438234918, 0.337794125)}) tween2:Play() tablesorting(part2, tween2)
		tween4 = ts:Create(part4, TweenInfo.new(0.11666667461395264, Enum.EasingStyle.Linear, Enum.EasingDirection.In, 0, false, 0), {C0 = CFrame.new(0.989780426, -0.946345747, -0.060904175, 0.206480294, 0.00174017146, 0.978449285, -0.00997815374, 0.999950111, 0.000327143818, -0.978400111, -0.00983073469, 0.206487581)}) tween4:Play() tablesorting(part4, tween4)
		task.wait(0.10166667461395264)

		if afterframe() then
			return
		end

		--12, 0.9833333492279053
		tween1 = ts:Create(part1, TweenInfo.new(0.19999992847442627, Enum.EasingStyle.Linear, Enum.EasingDirection.In, 0, false, 0), {C0 = CFrame.new(-0.0868555903, -0.137866676, 0.262911856, -0.994613469, 0.0928046703, -0.0461670868, -0.0453030579, 0.0113965878, 0.998908281, 0.0932295024, 0.995619118, -0.00713086408)}) tween1:Play() tablesorting(part1, tween1)
		tween6 = ts:Create(part6, TweenInfo.new(0.19999992847442627, Enum.EasingStyle.Linear, Enum.EasingDirection.In, 0, false, 0), {C0 = CFrame.new(-5.52088022e-06, 0.999999881, -0.00012422353, -0.993234098, -0.0838239491, -0.0803714544, -0.0682105124, -0.139017612, 0.987937987, -0.0939859152, 0.986735821, 0.132359356)}) tween6:Play() tablesorting(part6, tween6)
		tween5 = ts:Create(part5, TweenInfo.new(0.19999992847442627, Enum.EasingStyle.Linear, Enum.EasingDirection.In, 0, false, 0), {C0 = CFrame.new(-1.00438666, -0.904008985, -0.098676011, 0.127860546, 0.0416898057, -0.990915537, 0.00495468639, 0.999076724, 0.0426724926, 0.991779566, -0.0103657544, 0.12753588)}) tween5:Play() tablesorting(part5, tween5)
		tween4 = ts:Create(part4, TweenInfo.new(0.19999992847442627, Enum.EasingStyle.Linear, Enum.EasingDirection.In, 0, false, 0), {C0 = CFrame.new(0.989383101, -0.941323221, -0.0610391274, 0.206503302, -0.00991459284, 0.978395641, -0.00880190916, 0.999889374, 0.0119901588, -0.97840631, -0.0110877547, 0.206393182)}) tween4:Play() tablesorting(part4, tween4)
		task.wait(0.18499992847442626)

		if afterframe() then
			return
		end

		--13, 1.1833332777023315
		tween1 = ts:Create(part1, TweenInfo.new(0.21666669845581055, Enum.EasingStyle.Linear, Enum.EasingDirection.In, 0, false, 0), {C0 = CFrame.new(-0.100799464, -0.138329834, 0.28458783, -0.992485881, 0.114466935, -0.0432327203, -0.0422480144, 0.0110157281, 0.999046445, 0.114834026, 0.993366003, -0.00609695399)}) tween1:Play() tablesorting(part1, tween1)
		tween6 = ts:Create(part6, TweenInfo.new(0.21666669845581055, Enum.EasingStyle.Linear, Enum.EasingDirection.In, 0, false, 0), {C0 = CFrame.new(-1.92224979e-05, 0.999996901, -0.000125017017, -0.994139254, -0.0835098997, -0.0686509237, -0.0603946596, -0.0976663232, 0.993385136, -0.0896623507, 0.991709471, 0.0920503736)}) tween6:Play() tablesorting(part6, tween6)
		tween5 = ts:Create(part5, TweenInfo.new(0.21666669845581055, Enum.EasingStyle.Linear, Enum.EasingDirection.In, 0, false, 0), {C0 = CFrame.new(-1.00438666, -0.904009044, -0.0986761004, 0.127774075, 0.0257699341, -0.991468489, 0.00307548605, 0.999647319, 0.0263788644, 0.99179852, -0.00641978253, 0.127649754)}) tween5:Play() tablesorting(part5, tween5)
		tween4 = ts:Create(part4, TweenInfo.new(0.21666669845581055, Enum.EasingStyle.Linear, Enum.EasingDirection.In, 0, false, 0), {C0 = CFrame.new(0.988952279, -0.93588233, -0.0611855388, 0.206565648, -0.0318638869, 0.977913797, -0.013046978, 0.999291062, 0.0353163518, -0.978345811, -0.0200539604, 0.206003442)}) tween4:Play() tablesorting(part4, tween4)
		task.wait(0.06833337306976318)

		if afterframe() then
			return
		end

		--14, 1.2666666507720947
		tween2 = ts:Create(part2, TweenInfo.new(0.2666666507720947, Enum.EasingStyle.Linear, Enum.EasingDirection.In, 0, false, 0), {C0 = CFrame.new(0.99613601, 0.420874, -0.0349108875, 0.317148954, -0.0104592256, 0.948318005, -0.0399842151, 0.998902619, 0.0243891813, -0.947532475, -0.0456527583, 0.316382736)}) tween2:Play() tablesorting(part2, tween2)
		task.wait(0.11833332538604736)

		if afterframe() then
			return
		end

		--15, 1.399999976158142
		tween1 = ts:Create(part1, TweenInfo.new(0.21666669845581055, Enum.EasingStyle.Linear, Enum.EasingDirection.In, 0, false, 0), {C0 = CFrame.new(-0.0675824583, -0.137792483, 0.285518378, -0.991980016, 0.122800894, -0.0299271867, -0.0290195085, 0.00917380117, 0.999536753, 0.123018555, 0.992388904, -0.0055366056)}) tween1:Play() tablesorting(part1, tween1)
		tween6 = ts:Create(part6, TweenInfo.new(0.21666669845581055, Enum.EasingStyle.Linear, Enum.EasingDirection.In, 0, false, 0), {C0 = CFrame.new(-3.33040953e-06, 0.999994993, -0.00012435019, -0.990881026, -0.079923518, -0.108477794, -0.0980373397, -0.124641798, 0.98734659, -0.0924330801, 0.988977432, 0.115669675)}) tween6:Play() tablesorting(part6, tween6)
		tween5 = ts:Create(part5, TweenInfo.new(0.21666669845581055, Enum.EasingStyle.Linear, Enum.EasingDirection.In, 0, false, 0), {C0 = CFrame.new(-1.0043869, -0.904008687, -0.0986761153, 0.127728343, 0.0179327149, -0.991647005, 0.00119481049, 0.999832928, 0.0182346497, 0.991808534, -0.00351391244, 0.127685577)}) tween5:Play() tablesorting(part5, tween5)
		tween4 = ts:Create(part4, TweenInfo.new(0.21666669845581055, Enum.EasingStyle.Linear, Enum.EasingDirection.In, 0, false, 0), {C0 = CFrame.new(0.988521814, -0.930440962, -0.0613319129, 0.206625849, -0.0371197239, 0.977715611, -0.0138521604, 0.999068856, 0.0408578739, -0.97832191, -0.0219857655, 0.205919296)}) tween4:Play() tablesorting(part4, tween4)
		task.wait(0.11833332538604736)

		if afterframe() then
			return
		end

		--16, 1.5333333015441895
		tween2 = ts:Create(part2, TweenInfo.new(0.4333333969116211, Enum.EasingStyle.Linear, Enum.EasingDirection.In, 0, false, 0), {C0 = CFrame.new(0.996130288, 0.420874655, -0.0349087119, 0.298029751, -0.0860311463, 0.950671494, -0.0412337631, 0.993840158, 0.102864109, -0.953665078, -0.0698557869, 0.292646974)}) tween2:Play() tablesorting(part2, tween2)
		task.wait(0.06833337306976318)

		if afterframe() then
			return
		end

		--17, 1.6166666746139526
		tween1 = ts:Create(part1, TweenInfo.new(0.20000004768371582, Enum.EasingStyle.Linear, Enum.EasingDirection.In, 0, false, 0), {C0 = CFrame.new(-0.0578697175, -0.140092492, 0.274455547, -0.99180752, 0.126971096, -0.0140064685, -0.0124552185, 0.0130030988, 0.999837875, 0.127132624, 0.991821229, -0.0113151176)}) tween1:Play() tablesorting(part1, tween1)
		tween6 = ts:Create(part6, TweenInfo.new(0.20000004768371582, Enum.EasingStyle.Linear, Enum.EasingDirection.In, 0, false, 0), {C0 = CFrame.new(-1.53779984e-05, 0.999994814, -0.000156402588, -0.988256276, -0.0772210062, -0.131857783, -0.120521098, -0.136572346, 0.983271539, -0.0939373672, 0.987615943, 0.125661761)}) tween6:Play() tablesorting(part6, tween6)
		tween5 = ts:Create(part5, TweenInfo.new(0.20000004768371582, Enum.EasingStyle.Linear, Enum.EasingDirection.In, 0, false, 0), {C0 = CFrame.new(-1.00438654, -0.904009223, -0.0986760929, 0.127813697, 0.00785427634, -0.991767168, 0.00307405484, 0.999960721, 0.00831533317, 0.991793454, -0.00411156006, 0.127784535)}) tween5:Play() tablesorting(part5, tween5)
		tween4 = ts:Create(part4, TweenInfo.new(0.20000004768371582, Enum.EasingStyle.Linear, Enum.EasingDirection.In, 0, false, 0), {C0 = CFrame.new(0.988124132, -0.925418735, -0.061467059, 0.206267446, -0.0590879507, 0.976710021, -0.0066982382, 0.998066425, 0.0617945269, -0.978472769, -0.0192884337, 0.205472812)}) tween4:Play() tablesorting(part4, tween4)
		task.wait(0.1850000476837158)

		if afterframe() then
			return
		end

		--18, 1.8166667222976685
		tween1 = ts:Create(part1, TweenInfo.new(0.19999992847442627, Enum.EasingStyle.Linear, Enum.EasingDirection.In, 0, false, 0), {C0 = CFrame.new(-0.0691061392, -0.145188525, 0.251470745, -0.991787136, 0.127779379, 0.00554307224, 0.00847640075, 0.0224238541, 0.999712586, 0.127618358, 0.991549075, -0.0233228002)}) tween1:Play() tablesorting(part1, tween1)
		tween6 = ts:Create(part6, TweenInfo.new(0.3999999761581421, Enum.EasingStyle.Linear, Enum.EasingDirection.In, 0, false, 0), {C0 = CFrame.new(-2.74144113e-05, 1.00000238, -9.52892005e-05, -0.990959942, -0.109852567, -0.0770031735, -0.06713406, -0.0908761024, 0.993597269, -0.116146728, 0.989785135, 0.0826798677)}) tween6:Play() tablesorting(part6, tween6)
		tween5 = ts:Create(part5, TweenInfo.new(0.19999992847442627, Enum.EasingStyle.Linear, Enum.EasingDirection.In, 0, false, 0), {C0 = CFrame.new(-1.00438666, -0.904009283, -0.0986760259, 0.127860546, -0.0230418034, -0.991524458, 0.00495468639, 0.999732435, -0.0225936025, 0.991779566, -0.00202381611, 0.127940446)}) tween5:Play() tablesorting(part5, tween5)
		tween4 = ts:Create(part4, TweenInfo.new(0.19999992847442627, Enum.EasingStyle.Linear, Enum.EasingDirection.In, 0, false, 0), {C0 = CFrame.new(0.987726808, -0.92039609, -0.0616022944, 0.204779014, -0.0831900686, 0.975266695, 0.0109442938, 0.996514022, 0.0827043355, -0.978747308, -0.00626258925, 0.204975814)}) tween4:Play() tablesorting(part4, tween4)
		tween3 = ts:Create(part3, TweenInfo.new(0.24999988079071045, Enum.EasingStyle.Linear, Enum.EasingDirection.In, 0, false, 0), {C0 = CFrame.new(-0.925765634, 0.498626769, 0.00750674307, 0.278394103, 0.0481441095, -0.95925951, 0.013264399, 0.998454928, 0.0539608449, 0.960375309, -0.0277463794, 0.277325392)}) tween3:Play() tablesorting(part3, tween3)
		task.wait(0.13499997615814208)

		if afterframe() then
			return
		end

		--19, 1.9666666984558105
		tween2 = ts:Create(part2, TweenInfo.new(1.183333396911621, Enum.EasingStyle.Linear, Enum.EasingDirection.In, 0, false, 0), {C0 = CFrame.new(0.996124566, 0.420880437, -0.0349558592, 0.272208631, -0.0929517895, 0.95773828, 0.035809204, 0.995612204, 0.0864496976, -0.961571336, 0.0107640922, 0.274343163)}) tween2:Play() tablesorting(part2, tween2)
		task.wait(0.03499995231628418)

		if afterframe() then
			return
		end

		--20, 2.0166666507720947
		tween1 = ts:Create(part1, TweenInfo.new(0.20000004768371582, Enum.EasingStyle.Linear, Enum.EasingDirection.In, 0, false, 0), {C0 = CFrame.new(-0.0888201594, -0.163899213, 0.252856225, -0.988727808, 0.14936024, 0.0104283048, 0.00736878999, -0.0210229233, 0.999751866, 0.149542421, 0.988559365, 0.0196853448)}) tween1:Play() tablesorting(part1, tween1)
		tween5 = ts:Create(part5, TweenInfo.new(0.20000004768371582, Enum.EasingStyle.Linear, Enum.EasingDirection.In, 0, false, 0), {C0 = CFrame.new(-1.00129437, -0.906903923, -0.0927897245, 0.129021361, -0.0347363502, -0.991033196, 0.0484105274, 0.998415411, -0.0286925938, 0.990459442, -0.0442744829, 0.130498528)}) tween5:Play() tablesorting(part5, tween5)
		tween4 = ts:Create(part4, TweenInfo.new(0.20000004768371582, Enum.EasingStyle.Linear, Enum.EasingDirection.In, 0, false, 0), {C0 = CFrame.new(0.987661362, -0.912454188, -0.0617562681, 0.208645627, -0.0911376402, 0.973735452, -0.0653334558, 0.992125511, 0.10685809, -0.975806773, -0.0859129727, 0.201048255)}) tween4:Play() tablesorting(part4, tween4)
		task.wait(0.03499995231628418)

		if afterframe() then
			return
		end

		--21, 2.066666603088379
		tween3 = ts:Create(part3, TweenInfo.new(0.2666666507720947, Enum.EasingStyle.Linear, Enum.EasingDirection.In, 0, false, 0), {C0 = CFrame.new(-0.929808974, 0.498704642, 0.00710253417, 0.252263427, 0.0817684978, -0.964197636, 0.00541428197, 0.996288478, 0.0859064907, 0.96764344, -0.0268915035, 0.250884414)}) tween3:Play() tablesorting(part3, tween3)
		task.wait(0.13500009536743163)

		if afterframe() then
			return
		end

		--22, 2.2166666984558105
		tween1 = ts:Create(part1, TweenInfo.new(0.14999985694885254, Enum.EasingStyle.Linear, Enum.EasingDirection.In, 0, false, 0), {C0 = CFrame.new(-0.0976910889, -0.186874852, 0.275807291, -0.994603038, 0.103749454, 0.000906305911, -3.78200202e-05, -0.00909772981, 0.999958575, 0.103753403, 0.994561851, 0.00905255321)}) tween1:Play() tablesorting(part1, tween1)
		tween6 = ts:Create(part6, TweenInfo.new(0.09999990463256836, Enum.EasingStyle.Linear, Enum.EasingDirection.In, 0, false, 0), {C0 = CFrame.new(-2.7442351e-05, 1.00000238, -0.000115398783, -0.993871927, -0.0972543135, -0.0525381491, -0.0537247062, 0.00962050539, 0.998509467, -0.0966039076, 0.995213091, -0.0147865089)}) tween6:Play() tablesorting(part6, tween6)
		tween5 = ts:Create(part5, TweenInfo.new(0.14999985694885254, Enum.EasingStyle.Linear, Enum.EasingDirection.In, 0, false, 0), {C0 = CFrame.new(-0.999964654, -0.88883245, -0.089771539, 0.131305709, -0.0279984865, -0.990946472, 0.0359040163, 0.999079645, -0.0234708097, 0.990691543, -0.032497108, 0.132190123)}) tween5:Play() tablesorting(part5, tween5)
		tween4 = ts:Create(part4, TweenInfo.new(0.14999985694885254, Enum.EasingStyle.Linear, Enum.EasingDirection.In, 0, false, 0), {C0 = CFrame.new(0.985105395, -0.88421756, -0.0627180859, 0.206065744, -0.083964847, 0.974929094, -0.014872415, 0.99592793, 0.0889168605, -0.978425086, -0.0328222662, 0.203977898)}) tween4:Play() tablesorting(part4, tween4)
		task.wait(0.08499990463256836)

		if afterframe() then
			return
		end

		--23, 2.316666603088379
		tween6 = ts:Create(part6, TweenInfo.new(0.10000014305114746, Enum.EasingStyle.Linear, Enum.EasingDirection.In, 0, false, 0), {C0 = CFrame.new(-2.58237123e-05, 1.00000513, -0.00016310811, -0.995858371, -0.0829435885, -0.037235558, -0.040064849, 0.0327113345, 0.998661518, -0.081614539, 0.996017277, -0.035898976)}) tween6:Play() tablesorting(part6, tween6)
		task.wait()

		if afterframe() then
			return
		end

		--24, 2.3333332538604736
		tween3 = ts:Create(part3, TweenInfo.new(0.21666669845581055, Enum.EasingStyle.Linear, Enum.EasingDirection.In, 0, false, 0), {C0 = CFrame.new(-0.931422114, 0.498165578, 0.0054115355, 0.230733097, 0.0881472826, -0.969016135, 0.000572536141, 0.995875597, 0.0907269195, 0.973016918, -0.0214884989, 0.229731008)}) tween3:Play() tablesorting(part3, tween3)
		task.wait(0.018333301544189454)

		if afterframe() then
			return
		end

		--25, 2.366666555404663
		tween1 = ts:Create(part1, TweenInfo.new(0.20000004768371582, Enum.EasingStyle.Linear, Enum.EasingDirection.In, 0, false, 0), {C0 = CFrame.new(-0.0948875397, -0.205978051, 0.325514317, -0.997754812, 0.0632866696, -0.0219121017, -0.0203412436, 0.025359923, 0.999471426, 0.0638089105, 0.997673154, -0.0240156557)}) tween1:Play() tablesorting(part1, tween1)
		tween5 = ts:Create(part5, TweenInfo.new(0.20000004768371582, Enum.EasingStyle.Linear, Enum.EasingDirection.In, 0, false, 0), {C0 = CFrame.new(-0.999832869, -0.855965078, -0.0883599371, 0.132358998, 0.0126899863, -0.991120517, -0.0373601876, 0.999271333, 0.00780508388, 0.99049753, 0.0359953716, 0.132736638)}) tween5:Play() tablesorting(part5, tween5)
		tween4 = ts:Create(part4, TweenInfo.new(0.20000004768371582, Enum.EasingStyle.Linear, Enum.EasingDirection.In, 0, false, 0), {C0 = CFrame.new(0.986624122, -0.896420419, -0.060574621, 0.204085201, -0.0503581241, 0.977657139, 0.0594608262, 0.997469842, 0.0389662571, -0.977145672, 0.0501798615, 0.206563145)}) tween4:Play() tablesorting(part4, tween4)
		task.wait(0.03500019073486328)

		if afterframe() then
			return
		end

		--26, 2.4166667461395264
		tween6 = ts:Create(part6, TweenInfo.new(0.14999985694885254, Enum.EasingStyle.Linear, Enum.EasingDirection.In, 0, false, 0), {C0 = CFrame.new(-2.09249556e-05, 1.00001407, -0.000276116654, -0.997736096, -0.062261153, -0.0253913552, -0.0223577935, -0.0489469543, 0.998551607, -0.0634135753, 0.99685961, 0.0474442095)}) tween6:Play() tablesorting(part6, tween6)
		task.wait(0.11833320617675781)

		if afterframe() then
			return
		end

		--27, 2.549999952316284
		tween3 = ts:Create(part3, TweenInfo.new(0.7999999523162842, Enum.EasingStyle.Linear, Enum.EasingDirection.In, 0, false, 0), {C0 = CFrame.new(-0.931422114, 0.498165756, 0.00541154295, 0.224901333, 0.143612146, -0.96374011, -0.0410156958, 0.98959738, 0.137893766, 0.973517895, 0.00851598009, 0.228452131)}) tween3:Play() tablesorting(part3, tween3)
		task.wait()

		if afterframe() then
			return
		end

		--28, 2.566666603088379
		tween1 = ts:Create(part1, TweenInfo.new(0.16666674613952637, Enum.EasingStyle.Linear, Enum.EasingDirection.In, 0, false, 0), {C0 = CFrame.new(-0.080358386, -0.212287977, 0.382857978, -0.997734904, 0.0458480231, -0.0492246486, -0.0459724776, 0.0694729239, 0.996523976, 0.0491084345, 0.996529698, -0.0672078133)}) tween1:Play() tablesorting(part1, tween1)
		tween6 = ts:Create(part6, TweenInfo.new(0.2666666507720947, Enum.EasingStyle.Linear, Enum.EasingDirection.In, 0, false, 0), {C0 = CFrame.new(-1.59526244e-05, 1.00000525, -0.000214200467, -0.999245644, -0.032555718, 0.0211482476, 0.0226016827, -0.0449490808, 0.998734474, -0.0315637328, 0.998459637, 0.0456510782)}) tween6:Play() tablesorting(part6, tween6)
		tween5 = ts:Create(part5, TweenInfo.new(0.16666674613952637, Enum.EasingStyle.Linear, Enum.EasingDirection.In, 0, false, 0), {C0 = CFrame.new(-0.999835014, -0.823343813, -0.0880922973, 0.129832685, 0.055857718, -0.989961326, -0.136185572, 0.989954352, 0.0379967131, 0.982138753, 0.129885256, 0.136135399)}) tween5:Play() tablesorting(part5, tween5)
		tween4 = ts:Create(part4, TweenInfo.new(0.16666674613952637, Enum.EasingStyle.Linear, Enum.EasingDirection.In, 0, false, 0), {C0 = CFrame.new(0.98771745, -0.905083895, -0.05905357, 0.205421478, -0.000580935739, 0.978673518, 0.160844237, 0.986422062, -0.0331754424, -0.965366006, 0.164228916, 0.202725947)}) tween4:Play() tablesorting(part4, tween4)
		task.wait(0.15166674613952635)

		if afterframe() then
			return
		end

		--29, 2.7333333492279053
		tween1 = ts:Create(part1, TweenInfo.new(0.09999990463256836, Enum.EasingStyle.Linear, Enum.EasingDirection.In, 0, false, 0), {C0 = CFrame.new(-0.0782074183, -0.214182019, 0.388785839, -0.998061538, 0.036258921, -0.0505816154, -0.0472729616, 0.0869313553, 0.995092094, 0.0404780954, 0.995554268, -0.0850487724)}) tween1:Play() tablesorting(part1, tween1)
		tween5 = ts:Create(part5, TweenInfo.new(0.09999990463256836, Enum.EasingStyle.Linear, Enum.EasingDirection.In, 0, false, 0), {C0 = CFrame.new(-1.00027132, -0.830653191, -0.0902231336, 0.128827676, 0.066162765, -0.989457488, -0.153617874, 0.987058997, 0.0460012928, 0.979696453, 0.14607209, 0.137324318)}) tween5:Play() tablesorting(part5, tween5)
		tween4 = ts:Create(part4, TweenInfo.new(0.09999990463256836, Enum.EasingStyle.Linear, Enum.EasingDirection.In, 0, false, 0), {C0 = CFrame.new(0.98772037, -0.910188079, -0.0599028766, 0.205442205, -0.00176768925, 0.978667676, 0.171743676, 0.984545231, -0.0342741758, -0.963482022, 0.175121322, 0.202570751)}) tween4:Play() tablesorting(part4, tween4)
		task.wait(0.08499990463256836)

		if afterframe() then
			return
		end

		--30, 2.8333332538604736
		tween1 = ts:Create(part1, TweenInfo.new(0.20000004768371582, Enum.EasingStyle.Linear, Enum.EasingDirection.In, 0, false, 0), {C0 = CFrame.new(-0.0804694593, -0.216078013, 0.372174144, -0.998429596, 0.0395612121, -0.0396641605, -0.0353553407, 0.104227677, 0.993924797, 0.0434549749, 0.993766308, -0.102665305)}) tween1:Play() tablesorting(part1, tween1)
		tween6 = ts:Create(part6, TweenInfo.new(0.5166666507720947, Enum.EasingStyle.Linear, Enum.EasingDirection.In, 0, false, 0), {C0 = CFrame.new(-1.950562e-05, 1.00000596, -0.000185947865, -0.994829059, -0.099616155, -0.0197639856, -0.0129969241, -0.0681297407, 0.997592986, -0.100722566, 0.992691696, 0.0664829165)}) tween6:Play() tablesorting(part6, tween6)
		tween5 = ts:Create(part5, TweenInfo.new(0.20000004768371582, Enum.EasingStyle.Linear, Enum.EasingDirection.In, 0, false, 0), {C0 = CFrame.new(-1.00100589, -0.842114627, -0.0985029191, 0.128902048, 0.0548885092, -0.990137041, -0.152294233, 0.987717748, 0.034927804, 0.979893208, 0.14628987, 0.135678053)}) tween5:Play() tablesorting(part5, tween5)
		tween4 = ts:Create(part4, TweenInfo.new(0.20000004768371582, Enum.EasingStyle.Linear, Enum.EasingDirection.In, 0, false, 0), {C0 = CFrame.new(0.986764073, -0.891273558, -0.0557435751, 0.204683512, -0.0323644467, 0.978293061, 0.199543074, 0.97984463, -0.00933364779, -0.958273053, 0.197122082, 0.207016155)}) tween4:Play() tablesorting(part4, tween4)
		task.wait(0.1850000476837158)

		if afterframe() then
			return
		end

		--31, 3.0333333015441895
		tween1 = ts:Create(part1, TweenInfo.new(0.11666679382324219, Enum.EasingStyle.Linear, Enum.EasingDirection.In, 0, false, 0), {C0 = CFrame.new(-0.0856180042, -0.216080427, 0.345878303, -0.998180687, 0.0546210073, -0.0255333353, -0.0197528247, 0.10386724, 0.994395018, 0.0569669344, 0.993090212, -0.102599345)}) tween1:Play() tablesorting(part1, tween1)
		tween5 = ts:Create(part5, TweenInfo.new(0.11666679382324219, Enum.EasingStyle.Linear, Enum.EasingDirection.In, 0, false, 0), {C0 = CFrame.new(-1.00112975, -0.831724107, -0.101086497, 0.129178971, 0.0287971068, -0.99120307, -0.143731326, 0.989566028, 0.0100177005, 0.981149316, 0.141172871, 0.131970152)}) tween5:Play() tablesorting(part5, tween5)
		tween4 = ts:Create(part4, TweenInfo.new(0.11666679382324219, Enum.EasingStyle.Linear, Enum.EasingDirection.In, 0, false, 0), {C0 = CFrame.new(0.986673474, -0.889236331, -0.0566008687, 0.205310836, -0.0456902049, 0.977629721, 0.182980418, 0.983087778, 0.0075177988, -0.961439371, 0.177343622, 0.210198998)}) tween4:Play() tablesorting(part4, tween4)
		task.wait(0.10166679382324219)

		if afterframe() then
			return
		end

		--32, 3.1500000953674316
